0 0.895768 0.473773 0.196906 0.132474
0 0.771511 0.252746 0.229392 0.246197
0 0.271963 0.231667 0.193758 0.242499
0 0.689369 0.469028 0.171791 0.129890
0 0.578671 0.246585 0.140500 0.249905
0 0.325042 0.687082 0.115157 0.097599
0 0.544516 0.597171 0.153637 0.098562
0 0.709512 0.614424 0.166022 0.102698
0 0.536827 0.461534 0.121011 0.127268
0 0.443312 0.696106 0.105830 0.081781
0 0.449488 0.265907 0.105936 0.203203
0 0.361961 0.802599 0.120576 0.098441
0 0.081859 0.659153 0.105990 0.089861
0 0.566604 0.720083 0.130794 0.103657
0 0.707440 0.732825 0.135234 0.102789
0 0.901099 0.751466 0.163279 0.096414
0 0.623558 0.824893 0.124705 0.074990
0 0.866906 0.617895 0.132330 0.099221
0 0.131276 0.773013 0.113184 0.088027
0 0.046732 0.537643 0.092817 0.101937
0 0.494292 0.803729 0.117205 0.063268
0 0.219747 0.659207 0.081574 0.065179
0 0.944783 0.256671 0.110433 0.244648
0 0.244877 0.787959 0.094740 0.084555
0 0.759780 0.847048 0.118144 0.077037
0 0.964384 0.626232 0.071100 0.104797
0 0.240798 0.555047 0.139077 0.106173
0 0.389385 0.575677 0.136648 0.099909
0 0.122212 0.414696 0.134188 0.073425
0 0.125109 0.232463 0.110718 0.232091
0 0.032351 0.752401 0.064702 0.077111
0 0.884787 0.866225 0.098553 0.082205
0 0.293277 0.423051 0.112042 0.094227
0 0.039673 0.230890 0.079345 0.232441
0 0.134664 0.536660 0.065148 0.091052
0 0.094547 0.412170 0.185933 0.084604
0 0.090871 0.231124 0.181743 0.233517
0 0.416074 0.456373 0.114943 0.111249
0 0.917163 0.868714 0.160868 0.092324
0 0.294798 0.399076 0.107271 0.043156
0 0.968999 0.873808 0.059583 0.086790
0 0.387183 0.598985 0.136732 0.052657
0 0.292441 0.439913 0.102699 0.032470
0 0.026387 0.411937 0.052774 0.081926
0 0.154547 0.650253 0.042037 0.056134
0 0.391713 0.549705 0.127493 0.036735
