0 0.691921 0.293813 0.188209 0.190044
0 0.512207 0.300154 0.156018 0.171371
0 0.067880 0.277273 0.135760 0.195702
0 0.089025 0.447624 0.110207 0.102531
0 0.328936 0.458776 0.116325 0.111727
0 0.208569 0.453222 0.112688 0.105455
0 0.629549 0.476319 0.173239 0.130307
0 0.465803 0.466973 0.144280 0.119601
0 0.138302 0.565259 0.083996 0.086257
0 0.333373 0.588031 0.106932 0.098297
0 0.230607 0.299999 0.140087 0.157227
0 0.231777 0.576445 0.083831 0.092255
0 0.467889 0.600352 0.126441 0.103941
0 0.369310 0.298707 0.118029 0.169000
0 0.580470 0.731850 0.141713 0.087713
0 0.049485 0.557388 0.079230 0.087431
0 0.093909 0.665070 0.090729 0.088006
0 0.355678 0.809044 0.083720 0.093518
0 0.624169 0.614472 0.128870 0.101900
0 0.256490 0.791042 0.082080 0.083898
0 0.464351 0.830639 0.107058 0.088211
0 0.455765 0.717354 0.062080 0.089397
0 0.240645 0.684271 0.096182 0.080523
0 0.372277 0.684310 0.086401 0.053581
0 0.088119 0.752624 0.079193 0.067856
0 0.579953 0.853701 0.103095 0.091192
0 0.812966 0.626650 0.058843 0.117660
0 0.955020 0.779556 0.072300 0.128914
0 0.168115 0.770764 0.071455 0.083067
0 0.834346 0.882017 0.045953 0.065080
0 0.782727 0.756964 0.070120 0.114054
0 0.886673 0.891185 0.050383 0.069793
0 0.783236 0.876205 0.047253 0.053452
0 0.949354 0.898780 0.062417 0.076904
0 0.736737 0.861669 0.036287 0.055041
0 0.890517 0.780411 0.046729 0.095434
0 0.912708 0.633345 0.119828 0.132016
0 0.023097 0.732928 0.045869 0.054207
0 0.920500 0.466703 0.156763 0.102012
0 0.802882 0.762616 0.114841 0.123062
0 0.022817 0.657964 0.045635 0.080651
0 0.946964 0.909736 0.059618 0.053629
0 0.837931 0.766992 0.051563 0.113916
0 0.846664 0.762474 0.044442 0.120536
0 0.896036 0.767537 0.045703 0.115338
0 0.021940 0.669533 0.043881 0.057610
0 0.898384 0.638458 0.082433 0.119910
0 0.884835 0.901323 0.049439 0.047953
0 0.922187 0.490979 0.153996 0.051144
0 0.021621 0.681131 0.043242 0.035325
0 0.789635 0.962298 0.149560 0.074551
0 0.957438 0.893750 0.074389 0.086354
0 0.021788 0.642603 0.043575 0.056755
0 0.875920 0.629413 0.189164 0.135390
