0 0.675079 0.469803 0.161969 0.132684
0 0.881069 0.481005 0.231369 0.143821
0 0.506932 0.462604 0.162680 0.128115
0 0.358966 0.237424 0.200708 0.251567
0 0.570407 0.290259 0.184645 0.157381
0 0.344596 0.453905 0.145659 0.123049
0 0.817611 0.634758 0.168129 0.115418
0 0.171558 0.255276 0.154547 0.210214
0 0.190745 0.449934 0.122981 0.112833
0 0.142980 0.568464 0.112683 0.094123
0 0.647732 0.621614 0.140033 0.112705
0 0.766889 0.271568 0.198305 0.208816
0 0.504693 0.605710 0.121437 0.106168
0 0.381164 0.593529 0.107892 0.096466
0 0.901483 0.774873 0.178140 0.096890
0 0.262799 0.581274 0.110541 0.101709
0 0.485094 0.723340 0.124922 0.091185
0 0.614986 0.855253 0.119622 0.094695
0 0.073463 0.447445 0.099139 0.103439
0 0.300678 0.702227 0.115181 0.094577
0 0.931129 0.270206 0.137741 0.220296
0 0.186381 0.688233 0.096046 0.095019
0 0.277906 0.793972 0.099386 0.068519
0 0.745311 0.876678 0.124049 0.092881
0 0.890862 0.905424 0.149091 0.100460
0 0.095968 0.665181 0.072486 0.070677
0 0.490167 0.835959 0.095665 0.086314
0 0.040296 0.554177 0.079598 0.086024
0 0.056551 0.763850 0.107152 0.095122
0 0.381886 0.812421 0.092531 0.079200
0 0.752244 0.759708 0.104326 0.098870
0 0.622626 0.718618 0.106617 0.051385
0 0.172287 0.767625 0.098771 0.061293
0 0.045375 0.251710 0.089470 0.212185
0 0.027864 0.661419 0.055694 0.075474
0 0.962707 0.650535 0.074585 0.112216
0 0.391741 0.700496 0.057095 0.058959
0 0.342475 0.161067 0.185071 0.073979
