0 0.184526 0.462863 0.095167 0.093069
0 0.095491 0.458045 0.076794 0.088473
0 0.287249 0.469221 0.094509 0.098724
0 0.297405 0.330773 0.104906 0.136500
0 0.301875 0.578794 0.098183 0.088428
0 0.199766 0.568854 0.084034 0.084019
0 0.420201 0.324139 0.104991 0.132516
0 0.242811 0.768371 0.064817 0.083148
0 0.166418 0.751239 0.070903 0.078349
0 0.033987 0.641247 0.066644 0.077820
0 0.124186 0.561952 0.058930 0.079173
0 0.200442 0.332580 0.075733 0.129558
0 0.052835 0.551589 0.071890 0.074979
0 0.144005 0.656074 0.078286 0.068631
0 0.095892 0.736020 0.056926 0.075234
0 0.032417 0.721172 0.061380 0.064138
0 0.372268 0.472731 0.065684 0.105673
0 0.328789 0.787212 0.083408 0.078567
0 0.026270 0.455167 0.052541 0.083140
0 0.512292 0.586428 0.055907 0.104334
0 0.108661 0.342981 0.090803 0.103868
0 0.736812 0.601641 0.077558 0.113387
0 0.391335 0.695942 0.057930 0.075526
0 0.591012 0.811795 0.039048 0.075794
0 0.547977 0.806745 0.038840 0.071991
0 0.257535 0.658055 0.057776 0.047329
0 0.314288 0.683704 0.050981 0.080624
0 0.575700 0.590631 0.063096 0.113363
0 0.502856 0.326891 0.056417 0.113516
0 0.509163 0.799151 0.031735 0.063413
0 0.656338 0.595081 0.056195 0.115750
0 0.640277 0.729859 0.056615 0.080003
0 0.634916 0.817458 0.040759 0.079805
0 0.402050 0.807279 0.048213 0.084802
0 0.772197 0.725294 0.047153 0.100008
0 0.775424 0.862556 0.045838 0.046988
0 0.726813 0.856892 0.040526 0.044226
0 0.716442 0.727386 0.050329 0.103717
0 0.206268 0.654285 0.035660 0.048437
0 0.591409 0.714491 0.033386 0.093544
0 0.765082 0.939568 0.032035 0.066863
0 0.642124 0.719156 0.063384 0.106744
0 0.728117 0.933721 0.035052 0.062659
0 0.774485 0.838942 0.045307 0.095054
0 0.393404 0.588671 0.042820 0.090255
0 0.033763 0.323687 0.066143 0.137086
0 0.825294 0.848349 0.043080 0.097557
0 0.681098 0.828783 0.042134 0.079757
0 0.605832 0.594818 0.025706 0.108907
0 0.611734 0.482130 0.207687 0.034228
0 0.539800 0.711033 0.056956 0.091864
0 0.087128 0.640143 0.031801 0.057291
0 0.680839 0.848741 0.041667 0.042782
0 0.726473 0.834586 0.040442 0.090280
0 0.657738 0.598279 0.041283 0.109059
0 0.569228 0.593636 0.042311 0.106078
0 0.531159 0.709078 0.079894 0.095215
0 0.650841 0.598684 0.038136 0.111270
0 0.721962 0.737668 0.054244 0.082082
0 0.635338 0.839226 0.040371 0.037898
0 0.824478 0.871464 0.041230 0.052583
0 0.682165 0.714933 0.026820 0.093637
0 0.647164 0.601460 0.027972 0.105624
0 0.779802 0.728763 0.041590 0.096422
0 0.773234 0.812826 0.039114 0.058328
0 0.816516 0.714716 0.040616 0.123286
0 0.585835 0.710770 0.042090 0.097212
0 0.842601 0.490490 0.199719 0.045766
0 0.591102 0.828435 0.037318 0.044579
0 0.822460 0.857904 0.037360 0.074405
0 0.720598 0.748893 0.051785 0.059978
0 0.600376 0.593451 0.043253 0.113586
0 0.603041 0.812576 0.048154 0.075116
