0 0.636707 0.463550 0.172074 0.133642
0 0.474316 0.452573 0.138361 0.121813
0 0.901415 0.271583 0.191637 0.207920
0 0.331100 0.445868 0.135123 0.117272
0 0.193220 0.440351 0.124999 0.113503
0 0.837430 0.474409 0.214455 0.143772
0 0.710838 0.271848 0.180266 0.198192
0 0.059779 0.435266 0.114021 0.104798
0 0.041719 0.547506 0.082836 0.092611
0 0.344256 0.579562 0.101222 0.097571
0 0.238246 0.568612 0.093924 0.092378
0 0.471475 0.594100 0.130699 0.106297
0 0.536316 0.272585 0.146104 0.190748
0 0.180707 0.250194 0.180948 0.213456
0 0.135954 0.559843 0.091579 0.095608
0 0.376935 0.277667 0.153855 0.170428
0 0.623157 0.606482 0.139552 0.108374
0 0.467584 0.822366 0.100694 0.092946
0 0.721704 0.741171 0.164048 0.090911
0 0.344749 0.694286 0.111501 0.084688
0 0.178926 0.675110 0.100915 0.095901
0 0.801692 0.620448 0.158134 0.111496
0 0.042959 0.257813 0.085143 0.182397
0 0.720469 0.869313 0.127983 0.099799
0 0.075236 0.660931 0.091076 0.092245
0 0.354969 0.801947 0.086036 0.082845
0 0.479984 0.691725 0.100066 0.053665
0 0.587168 0.843319 0.120921 0.091019
0 0.168099 0.765590 0.091082 0.068048
0 0.583086 0.727436 0.081436 0.095980
0 0.259391 0.784229 0.079181 0.077141
0 0.071723 0.741003 0.093225 0.062605
0 0.015712 0.641847 0.031425 0.065037
0 0.960420 0.884923 0.075232 0.081326
0 0.938398 0.971566 0.119788 0.055421
0 0.262231 0.674852 0.057565 0.065557
