0 0.355776 0.259061 0.187973 0.228000
0 0.885332 0.483695 0.182316 0.139354
0 0.695081 0.476109 0.183471 0.133227
0 0.515485 0.468456 0.163640 0.129168
0 0.196789 0.253552 0.126936 0.234659
0 0.567743 0.241046 0.208519 0.269312
0 0.264403 0.585613 0.127226 0.097149
0 0.339656 0.463580 0.141059 0.117523
0 0.402124 0.599058 0.128073 0.106421
0 0.670831 0.622575 0.136203 0.104721
0 0.532784 0.608954 0.122293 0.098784
0 0.830200 0.639327 0.153010 0.118579
0 0.620777 0.742348 0.139654 0.094165
0 0.152560 0.784050 0.113088 0.094156
0 0.203378 0.683529 0.084464 0.070028
0 0.212328 0.460234 0.102177 0.110660
0 0.943037 0.283494 0.113927 0.209253
0 0.390306 0.810412 0.108409 0.072334
0 0.430692 0.721621 0.123107 0.097488
0 0.754624 0.872163 0.128569 0.092006
0 0.778103 0.295736 0.206221 0.172700
0 0.623011 0.852951 0.100774 0.087236
0 0.101355 0.675156 0.101435 0.081430
0 0.918872 0.775720 0.138284 0.101169
0 0.304784 0.707230 0.107331 0.097234
0 0.275167 0.785053 0.109353 0.064593
0 0.755862 0.733063 0.107514 0.051054
0 0.888508 0.892373 0.130936 0.091257
0 0.505501 0.830741 0.101058 0.076865
0 0.049100 0.767900 0.081631 0.084440
0 0.129904 0.565981 0.124182 0.096953
0 0.959868 0.649911 0.079854 0.122019
0 0.070502 0.263185 0.115541 0.190944
0 0.195877 0.455117 0.135506 0.119782
0 0.030046 0.531094 0.060092 0.114782
0 0.038677 0.259094 0.073372 0.195441
0 0.029368 0.250813 0.053709 0.189591
0 0.574598 0.160402 0.209329 0.078161
0 0.128970 0.581658 0.128381 0.062977
0 0.092259 0.260612 0.069986 0.190282
0 0.027751 0.640846 0.052543 0.054096
0 0.036477 0.410565 0.072955 0.074426
0 0.304503 0.723416 0.106986 0.064960
