0 0.569700 0.256308 0.212702 0.236466
0 0.897186 0.478973 0.194100 0.138081
0 0.704110 0.471445 0.175805 0.130859
0 0.819155 0.238593 0.253831 0.281822
0 0.405128 0.590841 0.143655 0.097581
0 0.516682 0.468086 0.157381 0.117917
0 0.558856 0.603909 0.148481 0.104785
0 0.845999 0.626084 0.149168 0.107249
0 0.094319 0.236254 0.155900 0.233409
0 0.701740 0.614390 0.126448 0.099833
0 0.390088 0.249156 0.127933 0.244574
0 0.570408 0.726605 0.123026 0.095579
0 0.768141 0.745991 0.143841 0.093513
0 0.323292 0.692939 0.098653 0.073944
0 0.259472 0.796458 0.121212 0.096899
0 0.510140 0.819506 0.115861 0.070788
0 0.436753 0.715151 0.118327 0.100070
0 0.903277 0.874358 0.157010 0.093825
0 0.212458 0.679701 0.105758 0.090588
0 0.758749 0.861448 0.101883 0.083626
0 0.389352 0.795855 0.109331 0.065094
0 0.367202 0.457921 0.127004 0.122115
0 0.148973 0.778434 0.088164 0.085800
0 0.635825 0.838408 0.112717 0.079999
0 0.047856 0.764052 0.092104 0.088769
0 0.897922 0.736494 0.106113 0.054708
0 0.121623 0.653681 0.069932 0.061349
0 0.300380 0.254624 0.066212 0.227987
0 0.257796 0.572778 0.132836 0.093713
0 0.108867 0.549241 0.146141 0.104210
0 0.028846 0.411519 0.057692 0.074891
0 0.221883 0.252255 0.084771 0.207906
0 0.237046 0.252484 0.075826 0.210590
0 0.157472 0.415900 0.103549 0.077308
0 0.258750 0.259384 0.100141 0.202528
0 0.964558 0.636019 0.069958 0.111482
0 0.275872 0.261551 0.099842 0.207152
0 0.952484 0.313333 0.095032 0.131517
0 0.022845 0.656116 0.045621 0.083824
0 0.256600 0.592770 0.131445 0.053272
0 0.259743 0.546369 0.128617 0.038522
0 0.060881 0.643846 0.042199 0.053866
0 0.022504 0.533526 0.042739 0.086008
0 0.115469 0.577007 0.127392 0.048413
0 0.155119 0.397573 0.093532 0.041390
0 0.157981 0.437340 0.097498 0.032483
