0 0.199654 0.230550 0.176906 0.246069
0 0.538407 0.228729 0.150313 0.267743
0 0.382225 0.231745 0.157383 0.252821
0 0.714752 0.238892 0.192314 0.259880
0 0.883006 0.273968 0.134263 0.224588
0 0.606106 0.745251 0.136546 0.109797
0 0.320864 0.709999 0.131707 0.098855
0 0.745710 0.755139 0.128920 0.097754
0 0.168109 0.697056 0.130522 0.103269
0 0.920985 0.899990 0.144602 0.082660
0 0.424339 0.576533 0.113688 0.103428
0 0.626970 0.875444 0.144980 0.110165
0 0.185495 0.800941 0.150815 0.084696
0 0.910279 0.649860 0.177077 0.102590
0 0.463912 0.709789 0.110305 0.071789
0 0.104457 0.564316 0.158674 0.122593
0 0.047790 0.683925 0.093802 0.099614
0 0.565099 0.599432 0.152941 0.118138
0 0.340778 0.837831 0.142052 0.101167
0 0.844963 0.489327 0.154937 0.137950
0 0.283025 0.575444 0.150883 0.116891
0 0.775060 0.872416 0.124407 0.075823
0 0.902084 0.786693 0.157755 0.112687
0 0.482181 0.853106 0.112489 0.097577
0 0.058509 0.225645 0.116233 0.245725
0 0.656333 0.421087 0.125490 0.049532
0 0.051347 0.792201 0.101796 0.094918
0 0.731030 0.615896 0.164089 0.126815
0 0.310165 0.426855 0.114994 0.081238
0 0.062080 0.423166 0.123688 0.099123
0 0.961604 0.497949 0.076671 0.142657
0 0.481029 0.435855 0.163809 0.088248
0 0.645173 0.467881 0.124194 0.037973
0 0.283692 0.602251 0.147347 0.062713
0 0.057842 0.393951 0.114486 0.039265
0 0.061331 0.432160 0.117343 0.033294
0 0.653202 0.452949 0.138673 0.116659
0 0.287174 0.426512 0.161368 0.083286
0 0.473426 0.469007 0.140952 0.019811
0 0.479600 0.416039 0.167323 0.033654
0 0.086861 0.523633 0.156035 0.040886
0 0.061289 0.444818 0.116173 0.060519
0 0.482109 0.409113 0.173681 0.029477
0 0.224196 0.396167 0.102160 0.028800
0 0.647120 0.461490 0.124347 0.023868
0 0.473734 0.446229 0.148149 0.026617
0 0.973401 0.278078 0.052478 0.229743
0 0.108007 0.589350 0.147220 0.068519
0 0.921697 0.880787 0.143744 0.038644
0 0.573118 0.557810 0.156164 0.030205
0 0.479459 0.423878 0.161171 0.055964
0 0.729356 0.638993 0.165645 0.076553
0 0.480653 0.871201 0.110067 0.064179
0 0.727352 0.650043 0.164610 0.054580
0 0.476126 0.440584 0.149549 0.019991
0 0.059275 0.404295 0.116235 0.061023
0 0.651555 0.437825 0.123510 0.020437
0 0.473409 0.455687 0.144157 0.030480
0 0.472839 0.452679 0.142646 0.019868
