0 0.935292 0.742504 0.122600 0.107725
0 0.881598 0.874928 0.171188 0.125891
0 0.542171 0.516140 0.262900 0.091577
0 0.524979 0.639650 0.203882 0.091011
0 0.395324 0.890643 0.056074 0.065791
0 0.520970 0.892946 0.055324 0.066601
0 0.451039 0.822839 0.166519 0.035949
0 0.457999 0.891111 0.060992 0.065078
0 0.582730 0.890973 0.060500 0.059276
0 0.460477 0.725674 0.152090 0.063824
0 0.605548 0.421703 0.355554 0.052071
0 0.578308 0.225366 0.185784 0.069107
0 0.954350 0.592840 0.091301 0.158834
0 0.543859 0.536704 0.260716 0.049630
0 0.463798 0.791148 0.142499 0.023016
0 0.453268 0.810791 0.163887 0.060962
0 0.524307 0.667631 0.199112 0.036008
0 0.975398 0.289225 0.049205 0.135164
0 0.923104 0.275595 0.063615 0.160135
0 0.579536 0.883356 0.061548 0.046304
0 0.923599 0.245171 0.061566 0.094896
0 0.183531 0.385843 0.367062 0.352487
0 0.459927 0.912741 0.061102 0.030556
0 0.557378 0.630827 0.082574 0.036005
