0 0.401246 0.227693 0.174238 0.257735
0 0.204853 0.244797 0.185725 0.209264
0 0.590310 0.235903 0.173660 0.254045
0 0.142692 0.694923 0.131478 0.105608
0 0.444556 0.723192 0.139474 0.103794
0 0.285550 0.709892 0.136593 0.108356
0 0.120706 0.806861 0.163157 0.098100
0 0.893089 0.767695 0.134569 0.104510
0 0.676721 0.444677 0.170965 0.090846
0 0.765144 0.228906 0.163404 0.281235
0 0.759231 0.891974 0.156222 0.111973
0 0.924291 0.238083 0.147788 0.268982
0 0.287165 0.819552 0.154205 0.083447
0 0.247634 0.574160 0.157334 0.127567
0 0.107940 0.560325 0.113182 0.119469
0 0.748446 0.760321 0.145184 0.116250
0 0.586781 0.721697 0.119672 0.076142
0 0.426519 0.584077 0.154214 0.124293
0 0.450945 0.850251 0.154909 0.102822
0 0.910373 0.890534 0.122162 0.076219
0 0.729461 0.608587 0.165410 0.128031
0 0.211636 0.426380 0.134327 0.104001
0 0.598830 0.868687 0.127713 0.095992
0 0.572436 0.581813 0.124147 0.104023
0 0.908502 0.625579 0.174518 0.133714
0 0.034324 0.685808 0.068570 0.090613
0 0.491446 0.432317 0.117338 0.085271
0 0.084966 0.419839 0.095130 0.088444
0 0.845526 0.453827 0.146493 0.105000
0 0.056647 0.235597 0.113271 0.214529
0 0.372713 0.398303 0.115430 0.029922
0 0.438977 0.431278 0.227905 0.087397
0 0.071416 0.426252 0.118742 0.100624
0 0.381669 0.441892 0.094679 0.053679
0 0.846400 0.427015 0.139258 0.048697
0 0.828292 0.475719 0.126790 0.040669
0 0.024142 0.535291 0.047057 0.080619
0 0.573850 0.554068 0.127623 0.041675
0 0.570015 0.604358 0.118008 0.058823
0 0.902507 0.653231 0.176941 0.075031
0 0.020505 0.403812 0.041011 0.072987
0 0.916843 0.589915 0.158275 0.062270
0 0.751667 0.323375 0.159223 0.089843
0 0.897577 0.654218 0.172068 0.050431
0 0.426956 0.612444 0.148432 0.064353
0 0.734064 0.590870 0.161021 0.058839
0 0.248714 0.604811 0.150242 0.065578
