0 0.869994 0.275003 0.247275 0.208261
0 0.304411 0.259045 0.234558 0.192697
0 0.320908 0.855922 0.179036 0.125362
0 0.526859 0.285271 0.178881 0.160267
0 0.736490 0.759312 0.145947 0.119141
0 0.576862 0.745850 0.152834 0.114567
0 0.506985 0.867313 0.174883 0.113425
0 0.686456 0.873945 0.169140 0.092180
0 0.906367 0.770780 0.174057 0.110120
0 0.876219 0.901086 0.192235 0.104108
0 0.613077 0.602410 0.165430 0.128583
0 0.459900 0.576655 0.118550 0.094174
0 0.404319 0.729541 0.151436 0.105881
0 0.297599 0.432693 0.160285 0.109090
0 0.308707 0.585499 0.161066 0.131850
0 0.465546 0.446091 0.146581 0.111887
0 0.786307 0.617800 0.178532 0.134666
0 0.622297 0.454294 0.137064 0.111733
0 0.294400 0.711143 0.072381 0.081531
0 0.786362 0.425027 0.139935 0.044360
0 0.943139 0.637381 0.113721 0.103812
0 0.775394 0.459695 0.148150 0.113465
0 0.924862 0.472104 0.140288 0.113556
0 0.781044 0.652118 0.171725 0.064551
0 0.941275 0.652334 0.117450 0.074422
0 0.050124 0.843007 0.094710 0.063940
0 0.916823 0.430289 0.111619 0.028635
0 0.692461 0.277914 0.100587 0.185761
0 0.801188 0.583446 0.182366 0.063118
0 0.901580 0.474650 0.094731 0.049903
0 0.772008 0.469251 0.146037 0.036764
0 0.306520 0.618942 0.152901 0.061278
0 0.770166 0.482490 0.148236 0.068787
0 0.307847 0.555204 0.157076 0.063576
0 0.079203 0.305915 0.151842 0.064066
0 0.045172 0.863084 0.088249 0.027143
0 0.714576 0.284058 0.062057 0.177823
0 0.809578 0.569957 0.184456 0.037072
