0 0.174794 0.829564 0.173439 0.118801
0 0.611158 0.272063 0.216888 0.203825
0 0.822661 0.254782 0.193277 0.255890
0 0.334655 0.287881 0.168559 0.147266
0 0.351309 0.840448 0.169240 0.108243
0 0.405709 0.726291 0.144717 0.111319
0 0.558012 0.738917 0.138852 0.114286
0 0.526069 0.850297 0.160487 0.089516
0 0.719331 0.750580 0.153379 0.108202
0 0.845301 0.458736 0.161616 0.088093
0 0.698201 0.878249 0.181076 0.101511
0 0.860707 0.744936 0.110025 0.076453
0 0.134050 0.571260 0.154928 0.122285
0 0.288312 0.563534 0.108236 0.089019
0 0.417290 0.589295 0.136891 0.119900
0 0.863075 0.891336 0.132534 0.096890
0 0.276984 0.428011 0.130126 0.084349
0 0.952686 0.265656 0.094423 0.244268
0 0.219393 0.708295 0.191310 0.104054
0 0.886133 0.608243 0.120260 0.108270
0 0.568726 0.636126 0.158147 0.063446
0 0.103753 0.422269 0.162083 0.095613
0 0.113311 0.263739 0.226621 0.177745
0 0.557371 0.417789 0.127698 0.039231
0 0.462290 0.266072 0.081078 0.202200
0 0.411697 0.439339 0.117650 0.087607
0 0.113811 0.310155 0.221982 0.086347
0 0.745974 0.614320 0.146257 0.121397
0 0.573938 0.602536 0.167060 0.129375
0 0.966031 0.463188 0.066694 0.092332
0 0.692147 0.421913 0.125287 0.028602
0 0.745455 0.640234 0.147243 0.064384
0 0.691551 0.461105 0.128054 0.104357
0 0.690300 0.467827 0.122588 0.062864
0 0.578541 0.570186 0.162482 0.062754
0 0.550129 0.451308 0.139434 0.108331
0 0.749061 0.585035 0.144858 0.041281
0 0.960907 0.772780 0.076366 0.111403
0 0.547808 0.471796 0.137288 0.062921
0 0.583454 0.557371 0.171509 0.034706
0 0.748661 0.591656 0.143582 0.033016
0 0.550158 0.459163 0.133122 0.034083
0 0.145573 0.694264 0.062054 0.081815
0 0.975120 0.616220 0.047333 0.109002
0 0.550963 0.465674 0.132382 0.032708
0 0.970655 0.910299 0.057504 0.111330
0 0.576906 0.591726 0.160715 0.027701
0 0.888076 0.580617 0.119728 0.041062
0 0.131237 0.599666 0.145477 0.061248
0 0.546804 0.486450 0.139472 0.035855
0 0.409401 0.451247 0.112481 0.054108
0 0.689848 0.458306 0.120970 0.039248
0 0.105447 0.456019 0.140616 0.049620
0 0.744407 0.650326 0.146960 0.041224
0 0.111915 0.444889 0.138555 0.033702
