0 0.912444 0.284725 0.171386 0.196560
0 0.741962 0.884612 0.176834 0.120504
0 0.824381 0.612028 0.147156 0.134270
0 0.831293 0.750847 0.154562 0.106725
0 0.916864 0.883929 0.160625 0.104525
0 0.963689 0.471686 0.071588 0.112870
0 0.862046 0.467067 0.118274 0.118050
0 0.394654 0.518422 0.261807 0.088727
0 0.280029 0.873838 0.047711 0.066993
0 0.322944 0.810758 0.159337 0.034328
0 0.399009 0.881395 0.051917 0.063792
0 0.424876 0.426356 0.324721 0.056707
0 0.456689 0.881252 0.056437 0.054462
0 0.933685 0.598513 0.066606 0.091639
0 0.338215 0.879040 0.060994 0.068787
0 0.962444 0.761074 0.075112 0.115387
0 0.372580 0.634322 0.192222 0.087079
0 0.394011 0.532500 0.261938 0.058806
0 0.779011 0.289120 0.069838 0.162372
0 0.407926 0.242670 0.186670 0.072151
0 0.371290 0.661969 0.192437 0.029563
0 0.325817 0.718572 0.147384 0.027756
0 0.339005 0.866943 0.059706 0.047354
0 0.329175 0.717352 0.149505 0.065365
0 0.400386 0.871398 0.051637 0.045026
0 0.723064 0.739839 0.060855 0.089842
0 0.324809 0.799266 0.157868 0.058831
0 0.326275 0.727213 0.146562 0.036007
0 0.338319 0.889843 0.061083 0.043597
0 0.776107 0.287240 0.048098 0.158278
0 0.805719 0.749494 0.083755 0.101466
0 0.339866 0.694661 0.132294 0.024330
0 0.337757 0.895498 0.060226 0.024578
0 0.529435 0.919486 0.089961 0.026330
0 0.327840 0.740855 0.139153 0.018092
0 0.337790 0.900837 0.060207 0.028456
