0 0.408099 0.260204 0.202723 0.206597
0 0.270169 0.708671 0.144968 0.110633
0 0.618312 0.250222 0.186829 0.242542
0 0.899513 0.621264 0.197087 0.130407
0 0.582938 0.737299 0.147355 0.106435
0 0.263369 0.574168 0.124240 0.121597
0 0.814155 0.254333 0.183240 0.249557
0 0.167301 0.281140 0.136782 0.142058
0 0.074565 0.810690 0.146263 0.115489
0 0.898007 0.902655 0.171585 0.114063
0 0.405880 0.834363 0.161428 0.086251
0 0.235522 0.825477 0.164485 0.102873
0 0.422250 0.722398 0.139195 0.112308
0 0.890604 0.769146 0.165838 0.115385
0 0.673932 0.448819 0.137068 0.090973
0 0.722860 0.733773 0.115923 0.076322
0 0.574670 0.865698 0.163789 0.104720
0 0.107023 0.694597 0.169789 0.100424
0 0.729795 0.595231 0.118638 0.106579
0 0.128383 0.416974 0.121854 0.078584
0 0.154778 0.553002 0.084063 0.089719
0 0.042165 0.288922 0.081543 0.116375
0 0.588186 0.598735 0.148315 0.125532
0 0.731046 0.880178 0.124848 0.094368
0 0.273057 0.257776 0.076723 0.199326
0 0.883826 0.462119 0.216565 0.107002
0 0.038928 0.566310 0.077518 0.103902
0 0.412907 0.546437 0.162059 0.044613
0 0.947715 0.255298 0.103361 0.255055
0 0.537827 0.457798 0.125813 0.062597
0 0.411787 0.587798 0.157192 0.129928
0 0.249227 0.437046 0.119055 0.101584
0 0.385636 0.440002 0.129653 0.102853
0 0.535085 0.449980 0.134250 0.104025
0 0.384840 0.408457 0.125347 0.038746
0 0.534354 0.411334 0.125205 0.029059
0 0.408491 0.621934 0.148356 0.056699
0 0.868078 0.458695 0.164763 0.088037
0 0.587503 0.627578 0.146027 0.064875
0 0.383979 0.448742 0.130319 0.035183
0 0.028279 0.413157 0.056558 0.086106
0 0.409111 0.583711 0.148912 0.023714
0 0.383030 0.455916 0.131830 0.045885
0 0.113343 0.426855 0.141082 0.102781
0 0.587468 0.564704 0.148738 0.056487
0 0.946161 0.330559 0.107014 0.104040
0 0.409181 0.588016 0.147271 0.023374
0 0.409247 0.596917 0.148972 0.044473
