0 0.887349 0.768473 0.171528 0.118105
0 0.910855 0.303029 0.162334 0.162923
0 0.609365 0.887625 0.182569 0.121342
0 0.703967 0.752847 0.154192 0.109970
0 0.797980 0.890843 0.181210 0.108459
0 0.718935 0.299588 0.189822 0.155501
0 0.583110 0.736802 0.077622 0.086016
0 0.947182 0.621930 0.105371 0.125637
0 0.831263 0.466383 0.132006 0.115971
0 0.656194 0.610912 0.159364 0.133248
0 0.946226 0.891088 0.107547 0.088488
0 0.276044 0.869342 0.050555 0.054850
0 0.329440 0.873329 0.052626 0.048866
0 0.229534 0.526894 0.257994 0.053938
0 0.686031 0.456674 0.142511 0.115603
0 0.690852 0.424278 0.142165 0.049159
0 0.787532 0.599145 0.080669 0.095223
0 0.219257 0.240274 0.197239 0.073170
0 0.368459 0.632445 0.064557 0.060616
0 0.227525 0.420115 0.324425 0.052423
0 0.186130 0.796615 0.151994 0.033986
0 0.971026 0.471673 0.057680 0.107955
0 0.209039 0.646297 0.190217 0.040447
0 0.187152 0.708450 0.151786 0.060659
0 0.651112 0.643924 0.153387 0.065055
0 0.679896 0.487908 0.141948 0.053588
0 0.186361 0.792367 0.156200 0.049044
0 0.920828 0.458774 0.040213 0.084132
0 0.869541 0.605070 0.064777 0.097421
0 0.953105 0.469168 0.093790 0.109496
0 0.210263 0.867361 0.060055 0.062281
0 0.154895 0.865283 0.046952 0.061207
0 0.182298 0.867286 0.116132 0.067619
0 0.185931 0.715523 0.145362 0.038806
0 0.209968 0.654315 0.187728 0.028311
0 0.214242 0.638689 0.198596 0.062251
0 0.185974 0.803662 0.151425 0.029921
0 0.472718 0.409773 0.102943 0.034831
0 0.663833 0.576738 0.162873 0.067425
0 0.925313 0.621761 0.149375 0.129396
0 0.269309 0.871186 0.048180 0.060929
0 0.682340 0.479086 0.136214 0.034560
0 0.195180 0.863529 0.091782 0.062884
0 0.193141 0.684028 0.114650 0.022663
0 0.683348 0.471642 0.136762 0.033799
0 0.258762 0.480428 0.150602 0.025410
0 0.859964 0.607179 0.056606 0.095392
0 0.369272 0.618245 0.062457 0.033837
0 0.209520 0.883316 0.055971 0.018813
