0 0.617431 0.540391 0.288984 0.094429
0 0.459738 0.934874 0.068533 0.082958
0 0.612864 0.667628 0.217236 0.097580
0 0.930975 0.864593 0.133797 0.128857
0 0.527788 0.847442 0.176820 0.061679
0 0.536714 0.758332 0.163229 0.064956
0 0.531651 0.930393 0.064928 0.069916
0 0.628260 0.560460 0.270340 0.052216
0 0.349534 0.341386 0.099358 0.112266
0 0.731961 0.440606 0.334132 0.058530
0 0.592297 0.924382 0.053560 0.063481
0 0.656022 0.923132 0.060712 0.065717
0 0.683722 0.235092 0.164533 0.068082
0 0.654223 0.912542 0.061505 0.042879
0 0.645057 0.925368 0.078978 0.067466
0 0.664355 0.669066 0.109788 0.086898
0 0.537768 0.938022 0.063712 0.051363
0 0.626160 0.926478 0.108007 0.064521
0 0.661394 0.654481 0.109414 0.056880
0 0.557683 0.669605 0.094369 0.084062
0 0.967124 0.741655 0.065128 0.094660
0 0.536207 0.767248 0.164813 0.042414
0 0.526160 0.860628 0.177667 0.034511
0 0.723668 0.442372 0.294063 0.045584
0 0.526707 0.921546 0.064863 0.053799
0 0.576462 0.930473 0.197391 0.075927
0 0.431658 0.313385 0.056799 0.057468
