0 0.716717 0.293946 0.180902 0.164741
0 0.903673 0.775051 0.159156 0.120494
0 0.738732 0.761904 0.164415 0.118377
0 0.469288 0.871407 0.182578 0.131548
0 0.515986 0.271843 0.205158 0.192738
0 0.657106 0.881517 0.181180 0.110113
0 0.799080 0.616959 0.194555 0.131929
0 0.840505 0.889592 0.168838 0.089374
0 0.494979 0.441816 0.156562 0.106248
0 0.656468 0.448316 0.138818 0.093845
0 0.559923 0.744632 0.160756 0.114193
0 0.483233 0.600450 0.160565 0.137804
0 0.442038 0.727114 0.082786 0.083275
0 0.947219 0.631286 0.105212 0.141066
0 0.627933 0.588672 0.106239 0.092360
0 0.828146 0.468460 0.159416 0.111909
0 0.062469 0.783315 0.122694 0.036326
0 0.956202 0.473399 0.084723 0.116776
0 0.094021 0.415708 0.183413 0.055733
0 0.093101 0.523456 0.184933 0.049080
0 0.173913 0.858316 0.109469 0.058055
0 0.062949 0.846434 0.096077 0.055723
0 0.092135 0.516697 0.183888 0.033732
0 0.061143 0.241471 0.121160 0.061204
0 0.077291 0.848184 0.064279 0.051974
0 0.072645 0.642389 0.136013 0.028495
0 0.147600 0.856155 0.058434 0.052251
0 0.062497 0.693921 0.120137 0.063157
0 0.047429 0.584101 0.088650 0.027530
0 0.063458 0.789941 0.123979 0.028402
0 0.956407 0.493435 0.086408 0.074430
0 0.104525 0.474695 0.155321 0.036568
0 0.963983 0.434209 0.072033 0.040778
0 0.072917 0.635740 0.139957 0.042752
0 0.093273 0.502833 0.186545 0.089611
0 0.960772 0.908075 0.076821 0.089272
0 0.091876 0.422680 0.177376 0.035766
0 0.390090 0.321615 0.042799 0.055550
0 0.111755 0.479758 0.143402 0.034886
0 0.028617 0.968469 0.054108 0.062723
0 0.059082 0.679307 0.113633 0.031404
0 0.822109 0.462985 0.152075 0.081511
0 0.091051 0.510374 0.181296 0.028794
0 0.481625 0.632287 0.153234 0.070443
0 0.064009 0.774360 0.124375 0.058324
0 0.029141 0.845918 0.046719 0.054757
0 0.060353 0.674696 0.109329 0.023388
0 0.058524 0.705338 0.112750 0.028946
0 0.898015 0.280100 0.172550 0.206102
0 0.071142 0.627546 0.134568 0.053266
0 0.061945 0.694227 0.122137 0.036020
0 0.078590 0.856687 0.059780 0.037739
