0 0.667845 0.548030 0.300860 0.092928
0 0.492925 0.314648 0.036166 0.053600
0 0.525197 0.957162 0.074862 0.081176
0 0.607644 0.773020 0.155975 0.065079
0 0.600293 0.865205 0.156304 0.065117
0 0.509670 0.415271 0.056296 0.041624
0 0.549206 0.309992 0.071496 0.063783
0 0.597783 0.942384 0.064810 0.061146
0 0.561872 0.427132 0.040663 0.050757
0 0.942291 0.833693 0.113873 0.126717
0 0.454168 0.310816 0.040059 0.061127
0 0.694255 0.703216 0.182182 0.043960
0 0.721738 0.660854 0.089525 0.042824
0 0.597754 0.873424 0.161166 0.035633
0 0.641112 0.694606 0.076937 0.059984
0 0.820467 0.448567 0.267686 0.045360
0 0.969241 0.260270 0.060180 0.039196
0 0.566539 0.674357 0.049469 0.074668
0 0.438331 0.311456 0.042741 0.061312
0 0.790738 0.445493 0.348361 0.056565
0 0.689942 0.690368 0.185761 0.077446
0 0.426269 0.392129 0.057669 0.042417
0 0.695330 0.633556 0.122983 0.020242
0 0.400972 0.313376 0.028094 0.056256
0 0.557590 0.671361 0.051452 0.073461
0 0.966834 0.240061 0.064398 0.077050
0 0.443209 0.549767 0.066246 0.055791
0 0.698317 0.566815 0.237338 0.045698
0 0.373739 0.312653 0.031690 0.056190
0 0.686487 0.930642 0.102523 0.056379
0 0.521193 0.418308 0.080547 0.047651
0 0.603580 0.433314 0.043046 0.057123
0 0.670509 0.931242 0.076045 0.055989
0 0.910103 0.251653 0.050586 0.049726
0 0.639489 0.684189 0.075744 0.038921
0 0.425837 0.312530 0.024360 0.057058
