0 0.523803 0.293497 0.099496 0.077469
0 0.919006 0.428070 0.159097 0.094718
0 0.412942 0.294455 0.103070 0.077502
0 0.726601 0.427111 0.208784 0.073301
0 0.543318 0.410091 0.152169 0.057138
0 0.812086 0.560965 0.253087 0.113448
0 0.409936 0.405547 0.104612 0.041215
0 0.327076 0.314457 0.063062 0.037631
0 0.254231 0.316687 0.064450 0.035403
0 0.849979 0.703645 0.192105 0.102940
0 0.188653 0.318848 0.055834 0.032025
0 0.317341 0.395611 0.073700 0.041110
0 0.595450 0.528165 0.180305 0.093980
0 0.696601 0.278436 0.225292 0.104018
0 0.842159 0.531490 0.185376 0.045890
0 0.678460 0.662845 0.139341 0.089723
0 0.668431 0.283301 0.173164 0.093371
0 0.928815 0.227863 0.142371 0.202494
0 0.434574 0.506257 0.092964 0.073338
0 0.706441 0.646296 0.090358 0.040458
0 0.326505 0.289937 0.067030 0.086702
0 0.433714 0.581160 0.097282 0.041576
0 0.412028 0.506590 0.139308 0.070790
0 0.350839 0.495792 0.073084 0.053783
0 0.179493 0.296920 0.068304 0.074910
0 0.844879 0.719653 0.190772 0.059699
0 0.749622 0.975554 0.155472 0.048398
0 0.015915 0.377313 0.031830 0.066340
0 0.620033 0.529376 0.089266 0.075563
0 0.543002 0.642566 0.096405 0.077929
0 0.436031 0.482098 0.079614 0.029174
0 0.161485 0.379177 0.045853 0.045074
0 0.360001 0.501458 0.063786 0.055294
0 0.417765 0.616523 0.116346 0.032414
0 0.290891 0.571152 0.138030 0.053967
0 0.152588 0.380813 0.060277 0.043400
0 0.187175 0.308601 0.058780 0.052060
0 0.554405 0.660154 0.080831 0.047639
0 0.251710 0.295660 0.069526 0.079707
0 0.753114 0.982487 0.158041 0.034745
0 0.168550 0.279866 0.075906 0.041396
0 0.546738 0.654487 0.090748 0.059498
0 0.739911 0.896606 0.189796 0.075407
0 0.431086 0.587613 0.096757 0.025801
0 0.836411 0.719552 0.174280 0.032714
