0 0.609414 0.283094 0.129748 0.088260
0 0.469461 0.283179 0.127261 0.086801
0 0.859462 0.427170 0.238041 0.065622
0 0.639334 0.410968 0.194543 0.062196
0 0.466568 0.406546 0.140210 0.042407
0 0.929353 0.686961 0.139384 0.105163
0 0.353948 0.274754 0.099823 0.102550
0 0.174838 0.386483 0.058550 0.034375
0 0.342942 0.398945 0.101767 0.041929
0 0.771706 0.661216 0.154555 0.095554
0 0.355715 0.305057 0.090778 0.041391
0 0.899932 0.525707 0.182444 0.047017
0 0.898552 0.555555 0.200919 0.109645
0 0.255359 0.307227 0.090379 0.039476
0 0.247040 0.390153 0.080241 0.044643
0 0.685146 0.528676 0.211459 0.104341
0 0.157758 0.282099 0.087250 0.090411
0 0.459145 0.853588 0.114944 0.073270
0 0.831058 0.259133 0.284579 0.134791
0 0.089972 0.361711 0.058468 0.074860
0 0.481444 0.489015 0.091971 0.030841
0 0.471176 0.604943 0.121769 0.025303
0 0.163808 0.308347 0.080300 0.037515
0 0.898094 0.579039 0.203812 0.053325
0 0.254084 0.279211 0.091774 0.094485
0 0.029370 0.349282 0.058741 0.104526
0 0.614915 0.638671 0.135856 0.083034
0 0.468936 0.581236 0.118680 0.020233
0 0.346541 0.576720 0.106137 0.020729
0 0.836555 0.977875 0.140746 0.043513
0 0.235584 0.589413 0.084253 0.036044
0 0.409720 0.706718 0.069403 0.035452
0 0.509821 0.790738 0.122570 0.050775
0 0.372183 0.496545 0.094418 0.040206
0 0.245537 0.586999 0.064491 0.037821
0 0.523874 0.720468 0.136286 0.069657
0 0.405503 0.460331 0.067796 0.023023
0 0.656698 0.829913 0.138426 0.069744
0 0.256422 0.654802 0.067038 0.048171
0 0.831470 0.878907 0.185944 0.092034
0 0.613685 0.655314 0.121743 0.053016
0 0.373418 0.754852 0.105370 0.048840
0 0.469903 0.600938 0.115597 0.022316
0 0.473971 0.362466 0.104847 0.022929
0 0.437305 0.576148 0.055080 0.022181
0 0.465855 0.577534 0.113576 0.024120
0 0.246373 0.485920 0.135170 0.049457
0 0.332991 0.607807 0.107817 0.031211
0 0.268351 0.737790 0.112048 0.049873
0 0.383098 0.757853 0.082696 0.043843
0 0.373977 0.490540 0.096420 0.032428
0 0.700400 0.771742 0.201528 0.060493
0 0.651614 0.821203 0.125972 0.055532
0 0.766685 0.767788 0.321975 0.080480
0 0.516724 0.798559 0.121445 0.051615
0 0.705330 0.508577 0.134324 0.028796
0 0.338092 0.594845 0.108041 0.051817
0 0.612371 0.646892 0.118771 0.040284
0 0.324852 0.684019 0.086803 0.048469
0 0.702661 0.943024 0.124331 0.043665
0 0.320031 0.746054 0.201934 0.057684
0 0.772157 0.782562 0.334285 0.100298
0 0.457538 0.360740 0.133631 0.021733
0 0.205656 0.585582 0.033826 0.029078
0 0.326360 0.693966 0.085322 0.027457
0 0.530951 0.710103 0.117523 0.043273
0 0.373703 0.498725 0.090934 0.061820
0 0.530241 0.467582 0.085874 0.019473
0 0.176743 0.392332 0.059963 0.043179
0 0.486128 0.362277 0.079841 0.021055
0 0.587041 0.883254 0.107429 0.056111
0 0.841059 0.968719 0.145536 0.061549
0 0.360167 0.814234 0.068730 0.038945
0 0.467270 0.504009 0.201093 0.094744
