0 0.672234 0.413588 0.180341 0.066148
0 0.848279 0.414398 0.152756 0.061185
0 0.670447 0.779218 0.140741 0.071082
0 0.489374 0.407377 0.166668 0.078880
0 0.569313 0.541692 0.240566 0.121616
0 0.519038 0.678474 0.173883 0.099829
0 0.701843 0.666121 0.175687 0.091153
0 0.515603 0.789726 0.152951 0.063713
0 0.965539 0.412887 0.068920 0.058150
0 0.812938 0.555732 0.214294 0.077249
0 0.791122 0.922573 0.140511 0.065654
0 0.731819 0.229617 0.171925 0.157933
0 0.539864 0.223545 0.207608 0.170912
0 0.541468 0.272497 0.184851 0.068113
0 0.882718 0.657044 0.173114 0.091786
0 0.883603 0.678376 0.173527 0.045567
0 0.538894 0.876519 0.177391 0.067417
0 0.904223 0.238914 0.169240 0.144604
0 0.871401 0.357118 0.181540 0.031193
0 0.698879 0.860728 0.125783 0.065018
0 0.798852 0.762702 0.103067 0.066830
0 0.586032 0.561606 0.229444 0.076325
0 0.714903 0.356350 0.126984 0.027241
0 0.903335 0.756307 0.094892 0.064566
0 0.860873 0.832521 0.164437 0.049824
0 0.823906 0.228926 0.337550 0.163316
0 0.809680 0.539887 0.215699 0.113675
0 0.958495 0.539777 0.079640 0.105690
0 0.961173 0.557534 0.075867 0.068108
0 0.639356 0.941771 0.135033 0.069332
0 0.904176 0.887119 0.095567 0.030050
0 0.883752 0.828661 0.194318 0.050688
0 0.892975 0.281415 0.148217 0.059415
0 0.525033 0.694773 0.170479 0.069261
0 0.563298 0.875039 0.124564 0.058423
0 0.873144 0.633908 0.146764 0.042699
0 0.704705 0.688109 0.171116 0.046942
0 0.714879 0.854503 0.104755 0.053512
0 0.926706 0.756502 0.129720 0.069129
0 0.700274 0.639757 0.165358 0.039229
0 0.726486 0.275482 0.166537 0.064820
0 0.640725 0.924996 0.136456 0.036805
0 0.892648 0.480435 0.110224 0.022192
0 0.759723 0.558094 0.103756 0.074233
0 0.842635 0.835670 0.126847 0.049055
0 0.733063 0.496255 0.144312 0.041003
0 0.976552 0.819099 0.046295 0.041845
0 0.476960 0.886822 0.063062 0.065478
0 0.895801 0.261345 0.152101 0.095857
0 0.554788 0.876381 0.087113 0.056011
0 0.860390 0.758804 0.216975 0.069381
0 0.797795 0.774810 0.096011 0.042251
0 0.695013 0.860676 0.103507 0.049268
