0 0.472706 0.312564 0.053420 0.059321
0 0.538587 0.414811 0.093690 0.037541
0 0.459747 0.402382 0.057538 0.040021
0 0.863265 0.440807 0.202876 0.055300
0 0.566747 0.948110 0.084565 0.093925
0 0.691806 0.543479 0.268046 0.087325
0 0.404078 0.398670 0.049180 0.034878
0 0.720674 0.541017 0.214117 0.076484
0 0.560834 0.309909 0.107800 0.064898
0 0.614194 0.677466 0.069726 0.063396
0 0.402278 0.311865 0.042283 0.058481
0 0.690074 0.671851 0.060569 0.032529
0 0.684223 0.924538 0.133395 0.080880
0 0.761032 0.651097 0.084980 0.043770
0 0.391311 0.311543 0.067309 0.061264
0 0.663635 0.853041 0.115664 0.057465
0 0.644121 0.765010 0.143511 0.070552
0 0.692817 0.436447 0.144222 0.064441
0 0.581103 0.839622 0.055493 0.051130
0 0.672754 0.924569 0.117643 0.067223
0 0.337784 0.315300 0.031063 0.055867
0 0.686017 0.670390 0.066557 0.053217
0 0.587014 0.846848 0.055195 0.063995
0 0.432416 0.312313 0.027221 0.060270
0 0.309255 0.321403 0.027778 0.052399
0 0.766078 0.654607 0.089434 0.033574
0 0.587116 0.756837 0.071035 0.076694
0 0.692903 0.685470 0.064323 0.051684
0 0.559290 0.937927 0.077944 0.089051
0 0.795562 0.436101 0.340758 0.069719
0 0.650127 0.934104 0.073204 0.058960
0 0.362099 0.390799 0.032580 0.032922
0 0.372032 0.314991 0.031646 0.052996
