0 0.752858 0.257311 0.148185 0.097533
0 0.910202 0.259290 0.148842 0.092381
0 0.913877 0.394024 0.170764 0.065750
0 0.288912 0.249105 0.158573 0.113566
0 0.735481 0.393266 0.178765 0.054236
0 0.568203 0.388768 0.145900 0.053898
0 0.448068 0.247090 0.147049 0.116364
0 0.370486 0.686357 0.114104 0.056117
0 0.601564 0.245282 0.150783 0.118821
0 0.426203 0.382324 0.126530 0.066364
0 0.631904 0.864984 0.128484 0.065593
0 0.925642 0.521076 0.146052 0.077701
0 0.507392 0.613490 0.148881 0.058060
0 0.577327 0.343005 0.149714 0.024400
0 0.552351 0.514178 0.179384 0.065803
0 0.491747 0.698540 0.114526 0.067222
0 0.378213 0.485585 0.167676 0.092962
0 0.748748 0.527581 0.202078 0.064157
0 0.362685 0.612472 0.129111 0.046946
0 0.571128 0.456285 0.140464 0.027233
0 0.873931 0.804063 0.151370 0.059988
0 0.767841 0.873177 0.126884 0.068733
0 0.913105 0.889402 0.137071 0.067714
0 0.596439 0.281224 0.137053 0.045482
0 0.303355 0.383782 0.111497 0.060346
0 0.608155 0.705468 0.101899 0.067604
0 0.533725 0.780296 0.135167 0.056205
0 0.923275 0.504685 0.151968 0.105413
0 0.383248 0.571411 0.094734 0.027148
0 0.910961 0.726313 0.174443 0.071025
0 0.705687 0.792300 0.168636 0.056798
0 0.388856 0.769321 0.143203 0.058547
0 0.450013 0.281933 0.139473 0.045341
0 0.949412 0.623481 0.095672 0.085959
0 0.837095 0.627766 0.159064 0.089961
0 0.733990 0.715417 0.150319 0.073390
0 0.555331 0.492171 0.171882 0.103379
0 0.666921 0.611297 0.161004 0.090024
0 0.667037 0.639696 0.163429 0.037829
0 0.747352 0.502679 0.193858 0.105638
0 0.376226 0.502538 0.164329 0.064574
0 0.619115 0.576285 0.069692 0.021516
0 0.697289 0.578770 0.074866 0.021270
0 0.706363 0.604049 0.075507 0.026879
0 0.406239 0.768560 0.094848 0.055083
0 0.827330 0.640680 0.140337 0.065071
0 0.720620 0.710245 0.118518 0.058063
0 0.298359 0.374024 0.120734 0.080438
0 0.539042 0.781681 0.114182 0.044030
0 0.627262 0.601745 0.076796 0.026343
0 0.723817 0.703820 0.121473 0.040527
0 0.025448 0.350686 0.050413 0.074287
0 0.507891 0.842878 0.113190 0.038404
0 0.911381 0.740086 0.172074 0.045812
0 0.768332 0.863941 0.126710 0.048321
0 0.690228 0.786701 0.145813 0.048765
0 0.603247 0.220115 0.151541 0.069614
0 0.745407 0.469186 0.170963 0.043205
0 0.610749 0.692285 0.097385 0.038989
0 0.551859 0.779087 0.096191 0.039223
0 0.077318 0.349109 0.051774 0.070425
0 0.159964 0.351081 0.106375 0.022437
0 0.911941 0.902659 0.134759 0.040191
0 0.603635 0.723620 0.094424 0.028966
0 0.445421 0.222308 0.151927 0.065870
0 0.443427 0.768946 0.040746 0.046326
0 0.392902 0.766537 0.055477 0.051568
0 0.947703 0.635878 0.094109 0.060074
0 0.723419 0.477700 0.130049 0.027434
0 0.848902 0.650228 0.181099 0.048204
0 0.911412 0.733787 0.173473 0.031688
0 0.721072 0.470680 0.128334 0.038747
0 0.470276 0.492155 0.344553 0.105773
