0 0.410611 0.224750 0.193360 0.145548
0 0.909002 0.395910 0.180284 0.060540
0 0.561247 0.397049 0.156519 0.059316
0 0.599505 0.225700 0.171312 0.148956
0 0.730111 0.398219 0.167524 0.059469
0 0.399964 0.394635 0.151768 0.066154
0 0.701157 0.536854 0.213084 0.073623
0 0.937174 0.244469 0.125630 0.112860
0 0.593687 0.742546 0.133357 0.072373
0 0.449915 0.738632 0.139122 0.060199
0 0.732990 0.901399 0.138750 0.063714
0 0.722674 0.740534 0.110953 0.067298
0 0.783716 0.229501 0.177006 0.140290
0 0.452214 0.653833 0.150414 0.050773
0 0.804293 0.664765 0.182457 0.043135
0 0.486519 0.509994 0.198012 0.110182
0 0.632598 0.825396 0.147010 0.055616
0 0.745011 0.341987 0.179681 0.026674
0 0.450508 0.607304 0.138581 0.033603
0 0.470001 0.826645 0.165311 0.057576
0 0.621817 0.659710 0.174611 0.042065
0 0.902784 0.517399 0.191604 0.122134
0 0.487328 0.532366 0.201851 0.067360
0 0.864978 0.743610 0.157395 0.072072
0 0.212262 0.358217 0.162679 0.191040
0 0.618337 0.635578 0.169335 0.089979
0 0.810206 0.820820 0.176620 0.051240
0 0.842697 0.744300 0.118113 0.069236
0 0.949691 0.666004 0.092189 0.054882
0 0.669347 0.471846 0.160375 0.035300
0 0.955217 0.816844 0.086808 0.052873
0 0.907081 0.544747 0.183506 0.066162
0 0.791840 0.619641 0.158743 0.040866
0 0.613491 0.612321 0.165184 0.042969
0 0.770905 0.269575 0.156532 0.057693
0 0.865952 0.885350 0.122936 0.037497
0 0.486150 0.473547 0.177703 0.040298
0 0.799945 0.637943 0.172785 0.096651
0 0.866962 0.894057 0.120368 0.054804
0 0.451126 0.633830 0.151129 0.088060
0 0.971188 0.897495 0.057128 0.064044
0 0.960542 0.735465 0.074156 0.058338
0 0.201556 0.222433 0.146487 0.077770
0 0.534602 0.353315 0.111870 0.023141
0 0.877685 0.490401 0.126479 0.030309
0 0.493921 0.827450 0.114154 0.058335
0 0.598155 0.268473 0.167791 0.060102
0 0.697227 0.513578 0.212704 0.122653
0 0.872661 0.542981 0.114191 0.068363
0 0.870559 0.483875 0.130601 0.042227
0 0.414322 0.828665 0.054384 0.058498
0 0.530607 0.825753 0.047903 0.054063
0 0.841590 0.818583 0.101475 0.044579
0 0.603376 0.193613 0.175921 0.085774
0 0.796159 0.621188 0.168438 0.061907
0 0.949607 0.648103 0.099717 0.093236
0 0.890627 0.479767 0.210332 0.051523
0 0.904921 0.492458 0.180947 0.030729
0 0.820779 0.616115 0.095948 0.047536
0 0.787763 0.200395 0.184775 0.080401
0 0.783764 0.625257 0.138612 0.029262
