0 0.601288 0.267029 0.136510 0.090208
0 0.752676 0.267388 0.145262 0.088629
0 0.788970 0.396435 0.219811 0.063515
0 0.592596 0.395745 0.163368 0.049467
0 0.464257 0.257588 0.127822 0.109372
0 0.337180 0.260972 0.121569 0.105163
0 0.951279 0.399719 0.095464 0.072743
0 0.920640 0.250749 0.155031 0.121189
0 0.890676 0.635299 0.162622 0.092934
0 0.817619 0.510165 0.211976 0.109131
0 0.445709 0.390173 0.125062 0.045405
0 0.541613 0.853981 0.119541 0.070718
0 0.765424 0.806531 0.150929 0.067541
0 0.213065 0.264083 0.112242 0.098481
0 0.055019 0.336089 0.106324 0.118006
0 0.224105 0.293646 0.100318 0.039866
0 0.809596 0.906001 0.128138 0.078595
0 0.818998 0.526926 0.214986 0.074240
0 0.404724 0.680454 0.102487 0.060618
0 0.291078 0.595697 0.106805 0.034936
0 0.532897 0.595428 0.066500 0.025417
0 0.851409 0.736598 0.280108 0.079904
0 0.674390 0.878303 0.120097 0.081067
0 0.718926 0.624426 0.159282 0.090975
0 0.965052 0.530691 0.068103 0.097501
0 0.602576 0.778482 0.143840 0.050525
0 0.509417 0.691782 0.086178 0.061912
0 0.464180 0.346972 0.145548 0.022787
0 0.599344 0.479405 0.109678 0.030942
0 0.926487 0.841326 0.142182 0.084078
0 0.465872 0.290404 0.115065 0.044769
0 0.593862 0.573267 0.066862 0.019752
0 0.938265 0.949849 0.118058 0.072543
0 0.327264 0.382334 0.101395 0.054895
0 0.483911 0.453065 0.112209 0.023553
0 0.451478 0.764019 0.129418 0.061898
0 0.627215 0.709989 0.144616 0.073049
0 0.413605 0.607366 0.127678 0.034602
0 0.524331 0.569955 0.064111 0.019405
0 0.601462 0.598269 0.065427 0.027217
0 0.320380 0.744492 0.120274 0.053119
0 0.614671 0.505554 0.175443 0.092878
0 0.423365 0.578715 0.125606 0.020550
0 0.341547 0.292159 0.109729 0.043302
0 0.276395 0.373927 0.201420 0.070251
0 0.609432 0.523561 0.184516 0.051603
0 0.308980 0.649776 0.081609 0.024103
0 0.230679 0.383613 0.086260 0.045579
0 0.323587 0.557827 0.076109 0.027998
0 0.620552 0.454338 0.096846 0.019245
0 0.422984 0.574067 0.126229 0.029432
0 0.553583 0.628687 0.144176 0.033597
0 0.331704 0.448803 0.110780 0.034803
0 0.436788 0.504393 0.151774 0.051636
0 0.715358 0.644480 0.164000 0.038975
0 0.286742 0.490225 0.122773 0.051451
0 0.307333 0.672887 0.073979 0.023702
0 0.145473 0.360453 0.054269 0.047861
0 0.967466 0.549650 0.064305 0.060471
0 0.605242 0.783674 0.153189 0.069654
0 0.884697 0.253827 0.087574 0.112497
0 0.882336 0.833483 0.064425 0.068645
0 0.198984 0.241997 0.126059 0.054794
0 0.308777 0.661139 0.081891 0.052057
0 0.323847 0.456725 0.120533 0.023625
0 0.718621 0.597422 0.144955 0.030710
0 0.939345 0.946320 0.115978 0.107359
0 0.963848 0.249242 0.072023 0.117706
0 0.417234 0.595923 0.128086 0.060569
0 0.458986 0.350933 0.143627 0.028319
0 0.563742 0.594559 0.137204 0.029068
0 0.620660 0.704085 0.126144 0.056026
0 0.614778 0.515498 0.181395 0.039579
0 0.429747 0.822063 0.090625 0.040271
0 0.623985 0.725066 0.150789 0.052985
0 0.831097 0.741158 0.230483 0.056721
0 0.562526 0.591976 0.143661 0.043818
0 0.466572 0.233643 0.128799 0.060634
0 0.560581 0.604505 0.145557 0.075720
0 0.310957 0.739665 0.094748 0.049788
0 0.331358 0.238341 0.129195 0.057318
0 0.453672 0.762066 0.116683 0.045068
0 0.302506 0.488358 0.148249 0.043650
0 0.675518 0.867322 0.121721 0.056730
0 0.450248 0.483766 0.144318 0.087587
0 0.824052 0.467767 0.163222 0.024542
0 0.874505 0.628693 0.133500 0.076120
0 0.312074 0.676696 0.071238 0.025294
0 0.317884 0.561054 0.069668 0.030160
0 0.961329 0.832487 0.074920 0.044613
0 0.468164 0.504169 0.092677 0.049847
