0 0.465201 0.306658 0.070265 0.062627
0 0.589150 0.416827 0.155801 0.041036
0 0.323512 0.301536 0.044442 0.076166
0 0.277620 0.305989 0.044229 0.068944
0 0.386004 0.305687 0.077854 0.065165
0 0.380399 0.399160 0.069016 0.031550
0 0.228910 0.308042 0.048751 0.068465
0 0.707504 0.549588 0.281054 0.105574
0 0.924678 0.434537 0.120164 0.056374
0 0.079684 0.371524 0.058462 0.077071
0 0.814282 0.649311 0.088442 0.038193
0 0.374067 0.306837 0.052548 0.064010
0 0.410728 0.557100 0.068923 0.034870
0 0.131237 0.371115 0.040178 0.073988
0 0.465923 0.401149 0.092342 0.043962
0 0.022061 0.372069 0.039976 0.075103
0 0.771480 0.435590 0.183720 0.068689
0 0.692016 0.682909 0.122689 0.065998
0 0.828213 0.434073 0.312009 0.073495
0 0.731208 0.431851 0.108760 0.061437
0 0.822947 0.447003 0.079635 0.044880
0 0.602696 0.550337 0.082191 0.053157
0 0.237271 0.311591 0.036289 0.059696
0 0.316954 0.392114 0.052411 0.033801
0 0.194176 0.371565 0.042123 0.068300
0 0.483127 0.628976 0.057880 0.044807
0 0.164233 0.372933 0.031119 0.068873
0 0.381027 0.585791 0.067813 0.041232
0 0.608047 0.538641 0.093070 0.080309
0 0.702987 0.677342 0.138704 0.080530
0 0.500215 0.517828 0.103797 0.068390
0 0.820555 0.654203 0.084468 0.031903
0 0.201754 0.373984 0.042286 0.063209
0 0.299188 0.391179 0.087602 0.034557
0 0.287509 0.543742 0.057886 0.038228
0 0.403644 0.463126 0.060376 0.024954
0 0.692894 0.775483 0.121433 0.069200
0 0.648092 0.853362 0.079820 0.051049
0 0.739543 0.521391 0.123882 0.034695
