0 0.623731 0.379701 0.088032 0.100896
0 0.901925 0.515205 0.129191 0.092587
0 0.759281 0.604833 0.115895 0.081533
0 0.416859 0.610132 0.093654 0.076805
0 0.856871 0.394480 0.227499 0.085652
0 0.681121 0.506334 0.110384 0.091021
0 0.648972 0.598600 0.091633 0.077500
0 0.303788 0.681422 0.075218 0.066708
0 0.785756 0.511609 0.088972 0.090134
0 0.324297 0.599433 0.079798 0.071688
0 0.400034 0.692164 0.089832 0.064105
0 0.153089 0.492602 0.051770 0.088316
0 0.569732 0.496668 0.097640 0.074355
0 0.555713 0.588164 0.083743 0.077679
0 0.086886 0.646718 0.053563 0.058482
0 0.763957 0.755998 0.099107 0.083123
0 0.443515 0.398189 0.103639 0.069372
0 0.131587 0.732627 0.063492 0.061604
0 0.705217 0.378642 0.069202 0.105862
0 0.236090 0.668150 0.054035 0.058636
0 0.241915 0.745573 0.048952 0.057355
0 0.387284 0.514703 0.068302 0.087061
0 0.666972 0.736998 0.076459 0.073256
0 0.577873 0.721748 0.086536 0.070756
0 0.070230 0.721602 0.054109 0.057638
0 0.275716 0.506105 0.070896 0.083616
0 0.156688 0.658102 0.077818 0.062633
0 0.498522 0.704461 0.064151 0.060405
0 0.231045 0.590329 0.080477 0.071737
0 0.461942 0.526425 0.072609 0.071975
0 0.209777 0.499017 0.055553 0.085923
0 0.050588 0.481769 0.062223 0.086902
0 0.192049 0.740566 0.045661 0.063684
0 0.104912 0.484873 0.039742 0.089319
0 0.872457 0.615441 0.091544 0.093358
0 0.645389 0.828491 0.076958 0.072580
0 0.299938 0.758334 0.059420 0.062119
0 0.537425 0.387996 0.071254 0.081082
0 0.183604 0.407088 0.069142 0.040555
0 0.092843 0.574216 0.054983 0.070055
0 0.816203 0.865727 0.086889 0.085405
0 0.925722 0.883039 0.116407 0.093099
0 0.568543 0.806902 0.063593 0.062324
0 0.470000 0.472532 0.079096 0.034588
0 0.039197 0.569328 0.046451 0.069106
0 0.166234 0.579005 0.046349 0.060252
0 0.041511 0.636395 0.034524 0.051747
0 0.730226 0.835226 0.076000 0.060958
0 0.499405 0.793200 0.062945 0.060489
0 0.334816 0.403060 0.083299 0.058125
0 0.115916 0.405830 0.062090 0.038867
0 0.255918 0.408355 0.069527 0.042299
0 0.942773 0.310541 0.112881 0.080758
0 0.824510 0.310100 0.112794 0.072803
0 0.963803 0.631375 0.072090 0.091624
0 0.052953 0.403470 0.058752 0.038504
0 0.413764 0.793137 0.076418 0.067952
0 0.051687 0.388539 0.061944 0.069310
0 0.396468 0.785599 0.116747 0.083814
0 0.020879 0.710029 0.040652 0.052326
0 0.012397 0.637811 0.023194 0.058339
0 0.459889 0.331525 0.072850 0.059331
0 0.355802 0.777796 0.046437 0.071033
0 0.902746 0.788966 0.169237 0.038830
0 0.861993 0.361252 0.212798 0.020963
0 0.540756 0.324496 0.084618 0.044210
0 0.335497 0.504697 0.037955 0.077482
0 0.301410 0.403443 0.155787 0.057787
0 0.906756 0.773626 0.166897 0.082262
0 0.906531 0.747564 0.156764 0.031614
0 0.010244 0.567143 0.020488 0.066017
0 0.046625 0.365380 0.077522 0.029622
0 0.183948 0.384004 0.067303 0.087960
0 0.906357 0.755499 0.158258 0.024303
0 0.854408 0.416507 0.218007 0.040783
0 0.010032 0.482289 0.019140 0.077207
0 0.037847 0.554768 0.040676 0.042452
0 0.089775 0.559136 0.055823 0.041542
0 0.902399 0.796256 0.168450 0.035702
