0 0.428730 0.670121 0.063544 0.065889
0 0.429220 0.350477 0.067668 0.094386
0 0.707514 0.483252 0.104371 0.091185
0 0.351841 0.358506 0.056018 0.075510
0 0.926111 0.619323 0.135359 0.106628
0 0.840696 0.493859 0.145635 0.107114
0 0.498403 0.685928 0.059617 0.068909
0 0.583302 0.566233 0.097510 0.081808
0 0.287904 0.562764 0.075184 0.070622
0 0.574264 0.703908 0.079551 0.075821
0 0.606198 0.478673 0.078291 0.085118
0 0.791940 0.595238 0.120232 0.089038
0 0.292833 0.637995 0.071906 0.056137
0 0.509702 0.471812 0.098561 0.082513
0 0.316041 0.488233 0.059369 0.064765
0 0.287595 0.367266 0.063368 0.055781
0 0.253700 0.478599 0.056911 0.072348
0 0.214111 0.626201 0.055686 0.054852
0 0.499508 0.350708 0.063206 0.097104
0 0.291547 0.722062 0.086769 0.070216
0 0.685205 0.582126 0.078670 0.088673
0 0.218246 0.551068 0.054282 0.062642
0 0.369895 0.654728 0.048124 0.055886
0 0.218880 0.693999 0.047166 0.054929
0 0.180149 0.476375 0.051500 0.058902
0 0.319308 0.437270 0.066423 0.033185
0 0.152244 0.542836 0.064636 0.061289
0 0.086160 0.462845 0.038731 0.067493
0 0.129111 0.462369 0.042599 0.075591
0 0.482564 0.768530 0.066686 0.063724
0 0.804587 0.293877 0.110181 0.101761
0 0.848223 0.379287 0.248438 0.065637
0 0.018424 0.445555 0.036847 0.075311
0 0.961447 0.501284 0.076037 0.106053
0 0.637728 0.329540 0.165112 0.019939
0 0.421052 0.460780 0.072201 0.068324
0 0.165045 0.611734 0.038372 0.047256
0 0.175336 0.680331 0.036838 0.048248
0 0.807582 0.861753 0.106606 0.091460
0 0.042654 0.377157 0.043609 0.034524
0 0.092383 0.663736 0.046940 0.053842
0 0.090898 0.377450 0.049657 0.036767
0 0.615322 0.810354 0.072710 0.075088
0 0.144001 0.379989 0.051550 0.036093
0 0.926751 0.885678 0.106216 0.082824
0 0.421674 0.547427 0.054969 0.063436
0 0.491210 0.557084 0.076021 0.068072
0 0.689188 0.285873 0.094636 0.064592
0 0.107505 0.600682 0.054235 0.050801
0 0.135960 0.669670 0.033825 0.059772
0 0.200066 0.381807 0.057536 0.036321
0 0.884911 0.769900 0.222083 0.084476
0 0.887200 0.783749 0.222389 0.068204
0 0.551382 0.783532 0.054860 0.061849
0 0.702450 0.831065 0.082490 0.079172
0 0.069853 0.526915 0.039882 0.058160
0 0.421859 0.743336 0.046793 0.056956
0 0.371170 0.732646 0.047716 0.055119
0 0.625918 0.353529 0.164635 0.023337
0 0.105358 0.533218 0.025620 0.053628
0 0.050751 0.447873 0.025623 0.075708
0 0.032348 0.519194 0.030885 0.049630
0 0.932458 0.289038 0.123538 0.115639
0 0.620686 0.357302 0.179658 0.095789
0 0.034766 0.648347 0.063774 0.048045
0 0.290558 0.311504 0.062041 0.049463
0 0.068672 0.517804 0.038466 0.037852
0 0.692550 0.736311 0.139583 0.041553
0 0.621783 0.371970 0.169691 0.065695
0 0.030811 0.511746 0.029624 0.037887
0 0.370375 0.550835 0.031947 0.060276
0 0.357467 0.554756 0.051250 0.064860
0 0.056615 0.592689 0.042395 0.052695
0 0.885040 0.771782 0.229920 0.054219
0 0.859833 0.323501 0.248217 0.175603
0 0.617051 0.385124 0.162302 0.037155
0 0.373881 0.297113 0.056599 0.040991
0 0.931505 0.323470 0.119909 0.176216
0 0.698670 0.700020 0.133437 0.028605
0 0.347091 0.555859 0.032418 0.065538
0 0.013553 0.376708 0.022239 0.034235
0 0.694640 0.727847 0.139841 0.079305
0 0.461137 0.553767 0.135078 0.075446
0 0.396297 0.740666 0.093868 0.058680
0 0.202646 0.375729 0.063160 0.047394
0 0.597720 0.805733 0.103469 0.081894
0 0.047891 0.651154 0.037971 0.046503
0 0.009511 0.515181 0.017348 0.045374
0 0.690374 0.745271 0.139002 0.043291
0 0.571029 0.279644 0.086406 0.039401
0 0.474770 0.467732 0.176436 0.085181
