0 0.727715 0.348208 0.130727 0.118505
0 0.823955 0.611925 0.146019 0.118982
0 0.583337 0.565936 0.101458 0.075128
0 0.722910 0.481745 0.117706 0.090595
0 0.557085 0.371601 0.164650 0.053662
0 0.522948 0.467054 0.071940 0.076268
0 0.414417 0.656179 0.053239 0.064072
0 0.866782 0.490251 0.128435 0.089622
0 0.692883 0.585786 0.096474 0.100085
0 0.555770 0.297901 0.068660 0.085082
0 0.630096 0.297341 0.068150 0.089099
0 0.610151 0.476520 0.089508 0.092251
0 0.363628 0.639894 0.039614 0.059344
0 0.317069 0.626799 0.041163 0.057417
0 0.291575 0.345649 0.046110 0.080155
0 0.172439 0.581127 0.039465 0.046718
0 0.227858 0.593445 0.056732 0.046096
0 0.860693 0.348494 0.123103 0.129487
0 0.428015 0.741750 0.074829 0.068260
0 0.855862 0.364360 0.112454 0.099169
0 0.954812 0.627659 0.090330 0.123598
0 0.265479 0.523736 0.030191 0.058286
0 0.579839 0.801052 0.081573 0.078433
0 0.337813 0.344827 0.042147 0.084662
0 0.633461 0.729567 0.174141 0.078252
0 0.373007 0.453818 0.079524 0.064215
0 0.240695 0.353264 0.045707 0.063482
0 0.428831 0.541135 0.071578 0.060483
0 0.957703 0.340388 0.084136 0.157870
0 0.668680 0.825411 0.076292 0.070271
0 0.296140 0.521377 0.025985 0.054420
0 0.200073 0.523359 0.028935 0.056418
0 0.445102 0.462244 0.055321 0.073491
0 0.230258 0.668817 0.064043 0.051649
0 0.352180 0.526497 0.075516 0.056833
0 0.168636 0.516703 0.032002 0.051331
0 0.185358 0.449942 0.035671 0.071804
0 0.494468 0.684498 0.092231 0.051355
0 0.355735 0.708453 0.051684 0.055495
0 0.280109 0.612760 0.028288 0.051518
0 0.230055 0.528535 0.031136 0.060359
0 0.757505 0.866062 0.089669 0.075159
0 0.501830 0.551036 0.049151 0.073013
0 0.503399 0.773735 0.063837 0.065054
0 0.842861 0.797838 0.236630 0.074929
0 0.871589 0.900609 0.116676 0.076517
0 0.119552 0.507525 0.055451 0.048707
0 0.444100 0.328419 0.092199 0.015458
0 0.224802 0.454292 0.037607 0.067160
0 0.140538 0.569826 0.023220 0.035861
0 0.136564 0.447192 0.037657 0.065127
0 0.197370 0.357971 0.037254 0.054003
0 0.285434 0.676604 0.030017 0.041075
0 0.179421 0.638721 0.032093 0.036865
0 0.353062 0.453026 0.115902 0.075518
0 0.427446 0.345837 0.088140 0.016481
0 0.152879 0.631317 0.027587 0.035746
0 0.704343 0.267492 0.054409 0.041744
0 0.958320 0.378746 0.083200 0.080978
0 0.419410 0.347111 0.104216 0.020181
0 0.412947 0.374833 0.105419 0.034136
0 0.105630 0.439150 0.023262 0.069425
0 0.079540 0.434809 0.024378 0.067003
0 0.629440 0.721341 0.167144 0.047803
0 0.021756 0.537173 0.042009 0.047812
0 0.094018 0.560841 0.022343 0.044176
0 0.063943 0.549219 0.032966 0.048394
0 0.129500 0.509005 0.037678 0.049014
0 0.306873 0.446161 0.055368 0.059182
0 0.160429 0.632254 0.042650 0.037565
0 0.855623 0.802085 0.254221 0.102632
0 0.099533 0.560191 0.025635 0.041634
0 0.315646 0.688905 0.028035 0.036872
0 0.011867 0.425844 0.017254 0.061549
0 0.482910 0.285308 0.067066 0.047480
0 0.109100 0.562961 0.030285 0.040754
0 0.455834 0.328921 0.109185 0.018598
0 0.171720 0.638555 0.050849 0.042430
0 0.121728 0.617405 0.024745 0.043879
0 0.414895 0.355304 0.113803 0.074517
0 0.634591 0.740314 0.163162 0.056651
0 0.217741 0.590918 0.043554 0.046425
0 0.343873 0.706274 0.073252 0.059779
0 0.388699 0.533043 0.150739 0.067943
0 0.410949 0.538265 0.113133 0.065744
0 0.223938 0.661984 0.051551 0.064614
0 0.301099 0.450737 0.048383 0.070405
0 0.144505 0.447775 0.034403 0.062227
0 0.135102 0.510913 0.029070 0.050367
0 0.258117 0.456832 0.031636 0.061813
