0 0.663724 0.589284 0.113942 0.083660
0 0.796207 0.503037 0.119366 0.090653
0 0.931586 0.513596 0.136827 0.110202
0 0.685016 0.499256 0.085613 0.087637
0 0.584503 0.490913 0.105099 0.088741
0 0.510582 0.368193 0.082922 0.096370
0 0.426668 0.374776 0.063563 0.079633
0 0.557864 0.581781 0.087389 0.075312
0 0.330620 0.671216 0.085594 0.061400
0 0.333076 0.590005 0.081038 0.072855
0 0.240374 0.659311 0.065005 0.061841
0 0.348120 0.383210 0.084842 0.063830
0 0.892181 0.617294 0.126430 0.094345
0 0.300488 0.497879 0.065640 0.087275
0 0.570607 0.718900 0.069893 0.070931
0 0.658010 0.737714 0.092278 0.081549
0 0.148253 0.485035 0.050396 0.077776
0 0.489196 0.703014 0.077516 0.068415
0 0.475050 0.572177 0.069138 0.069855
0 0.207896 0.490838 0.063752 0.079853
0 0.480009 0.480888 0.089120 0.072952
0 0.253062 0.580507 0.068082 0.068844
0 0.091277 0.704069 0.056527 0.057774
0 0.337813 0.768356 0.070143 0.064570
0 0.170920 0.570840 0.076945 0.066790
0 0.240937 0.732092 0.051610 0.059060
0 0.182033 0.644754 0.045566 0.053885
0 0.113315 0.633902 0.069743 0.056182
0 0.097629 0.483218 0.047136 0.072415
0 0.418581 0.685702 0.056986 0.056113
0 0.749622 0.298013 0.103476 0.075273
0 0.550809 0.807074 0.072760 0.068656
0 0.419228 0.769568 0.059284 0.057021
0 0.113919 0.393848 0.059907 0.038173
0 0.584803 0.366846 0.059376 0.101960
0 0.481456 0.783873 0.054557 0.057224
0 0.018117 0.465546 0.036233 0.082337
0 0.725339 0.381872 0.219404 0.084230
0 0.921892 0.399240 0.155524 0.063675
0 0.055768 0.392922 0.053535 0.036365
0 0.189815 0.722217 0.044090 0.056323
0 0.924549 0.897492 0.125106 0.093119
0 0.372508 0.508998 0.069749 0.075419
0 0.771958 0.602020 0.082649 0.096470
0 0.113913 0.559395 0.035947 0.056915
0 0.705305 0.847111 0.081051 0.083703
0 0.051478 0.625699 0.047513 0.050806
0 0.062395 0.555411 0.047001 0.063166
0 0.144592 0.710825 0.038566 0.062835
0 0.031877 0.690855 0.056306 0.054272
0 0.743746 0.347051 0.194779 0.019609
0 0.940185 0.791894 0.119234 0.081261
0 0.875812 0.300864 0.129878 0.091607
0 0.177972 0.396252 0.061607 0.038962
0 0.377237 0.456695 0.073966 0.034544
0 0.054950 0.467480 0.032300 0.083745
0 0.285298 0.748623 0.031820 0.066874
0 0.325363 0.322910 0.087665 0.054318
0 0.017836 0.549172 0.035177 0.064680
0 0.017207 0.538367 0.033675 0.043851
0 0.803407 0.864247 0.096688 0.086011
0 0.721712 0.403167 0.212734 0.040828
0 0.630344 0.819822 0.065836 0.060922
0 0.407031 0.311387 0.066811 0.044862
0 0.246209 0.398423 0.070094 0.039421
0 0.013046 0.614477 0.023690 0.050015
0 0.373966 0.494536 0.073033 0.103913
0 0.940331 0.803726 0.117338 0.053963
0 0.789639 0.768449 0.162395 0.030244
0 0.247406 0.389865 0.074172 0.055617
0 0.610386 0.294317 0.091055 0.040590
0 0.794102 0.729444 0.148379 0.026255
0 0.739506 0.369724 0.197764 0.022622
0 0.410811 0.576516 0.031005 0.059012
0 0.788609 0.775578 0.160730 0.040007
0 0.960118 0.307965 0.078822 0.119176
0 0.058384 0.541517 0.048184 0.039664
0 0.402884 0.577633 0.043605 0.059282
0 0.793704 0.757295 0.162239 0.080103
0 0.020665 0.689469 0.040103 0.056783
0 0.871815 0.309537 0.097046 0.110857
0 0.014604 0.391969 0.029207 0.036064
0 0.222256 0.390518 0.127863 0.054935
0 0.706660 0.346615 0.124862 0.019949
0 0.677733 0.302717 0.041037 0.058887
0 0.797932 0.735808 0.153311 0.033480
0 0.391311 0.580252 0.028155 0.060567
