0 0.899346 0.347789 0.192386 0.129527
0 0.683431 0.578225 0.111663 0.080947
0 0.721171 0.482873 0.118511 0.099052
0 0.372554 0.642917 0.050078 0.059056
0 0.853885 0.491977 0.131461 0.099336
0 0.491913 0.675482 0.067354 0.072345
0 0.611701 0.473614 0.084046 0.082067
0 0.197133 0.599652 0.045897 0.048641
0 0.808417 0.598012 0.118533 0.103020
0 0.242363 0.363978 0.048329 0.048983
0 0.220121 0.458493 0.046398 0.079416
0 0.261488 0.612889 0.064937 0.048373
0 0.509418 0.553887 0.094840 0.065017
0 0.265162 0.691471 0.071977 0.058091
0 0.428871 0.658782 0.048164 0.062767
0 0.133894 0.523021 0.071001 0.055737
0 0.941673 0.618633 0.114207 0.123652
0 0.439690 0.464345 0.087654 0.073706
0 0.414881 0.346945 0.053406 0.086904
0 0.195542 0.531077 0.041920 0.057716
0 0.522036 0.468501 0.065981 0.078381
0 0.592528 0.563671 0.052922 0.076555
0 0.251094 0.540256 0.063702 0.065615
0 0.356607 0.346823 0.055844 0.085451
0 0.294572 0.355087 0.050090 0.068707
0 0.418708 0.736719 0.056247 0.056538
0 0.324762 0.628995 0.038947 0.053787
0 0.204581 0.662912 0.038943 0.043942
0 0.698201 0.374470 0.189955 0.058418
0 0.271768 0.458017 0.051291 0.086604
0 0.158561 0.588536 0.029870 0.039268
0 0.533953 0.328329 0.116973 0.017889
0 0.062311 0.565909 0.044109 0.053145
0 0.162558 0.455906 0.046102 0.069280
0 0.963415 0.495491 0.072000 0.106327
0 0.088755 0.444253 0.030824 0.068586
0 0.121100 0.448079 0.030107 0.073679
0 0.720669 0.295964 0.106105 0.093680
0 0.505718 0.768519 0.098874 0.077244
0 0.134828 0.641363 0.031310 0.045758
0 0.363229 0.452237 0.062459 0.062846
0 0.369012 0.716167 0.037754 0.049724
0 0.328433 0.700072 0.037973 0.045392
0 0.304520 0.537914 0.030138 0.060908
0 0.098981 0.634222 0.036417 0.042176
0 0.335189 0.533393 0.028953 0.059011
0 0.757290 0.756168 0.207123 0.078661
0 0.168338 0.650660 0.029766 0.036929
0 0.686754 0.826048 0.092331 0.081488
0 0.424432 0.539222 0.061461 0.060937
0 0.936233 0.794365 0.125002 0.100628
0 0.109747 0.577538 0.044606 0.048991
0 0.789131 0.853137 0.092140 0.073917
0 0.900856 0.889136 0.114364 0.081794
0 0.409407 0.537697 0.094460 0.064608
0 0.589955 0.708424 0.114624 0.045828
0 0.522944 0.348483 0.119985 0.019429
0 0.509086 0.378455 0.129737 0.034677
0 0.756064 0.741332 0.205851 0.059695
0 0.512327 0.368669 0.133994 0.055848
0 0.018244 0.555167 0.036489 0.048203
0 0.128673 0.374003 0.041995 0.036736
0 0.083854 0.510331 0.028031 0.054100
0 0.373288 0.529937 0.040630 0.056481
0 0.173119 0.374711 0.047469 0.039848
0 0.615011 0.288478 0.087949 0.071428
0 0.025032 0.502809 0.029801 0.055548
0 0.029616 0.433754 0.048436 0.066693
0 0.085906 0.369336 0.039408 0.041905
0 0.049130 0.370415 0.031016 0.035891
0 0.314617 0.536787 0.049871 0.063650
0 0.599393 0.793424 0.073981 0.067757
0 0.275450 0.467709 0.056577 0.067523
0 0.024313 0.493570 0.029433 0.038812
0 0.272496 0.427317 0.055920 0.030800
0 0.933841 0.812909 0.131554 0.063483
0 0.054742 0.506088 0.028080 0.055011
0 0.061573 0.621827 0.033786 0.040497
0 0.101607 0.574814 0.033930 0.048470
0 0.381191 0.534073 0.054824 0.063017
0 0.016969 0.360376 0.031821 0.052983
0 0.525493 0.283181 0.074486 0.044130
0 0.017417 0.368576 0.031801 0.036776
0 0.093143 0.449626 0.025126 0.061700
0 0.060460 0.437005 0.024662 0.069084
0 0.698691 0.325581 0.193528 0.158500
0 0.726388 0.322442 0.123658 0.157626
0 0.593938 0.700452 0.112361 0.064855
0 0.055503 0.619701 0.041763 0.040559
0 0.273156 0.444600 0.046601 0.067570
0 0.128228 0.580180 0.027572 0.042331
0 0.015379 0.435870 0.026926 0.072064
