0 0.433599 0.555306 0.076857 0.064115
0 0.594486 0.597770 0.091689 0.102200
0 0.510512 0.577102 0.061175 0.082445
0 0.607324 0.385250 0.065923 0.071843
0 0.925323 0.758803 0.146501 0.112922
0 0.901266 0.458143 0.194808 0.066464
0 0.615301 0.310159 0.068458 0.067135
0 0.205788 0.574327 0.039423 0.038035
0 0.638205 0.493723 0.063265 0.068308
0 0.962430 0.600800 0.075141 0.114624
0 0.360102 0.376736 0.085962 0.051456
0 0.539763 0.372288 0.057662 0.084626
0 0.834242 0.311165 0.070397 0.093656
0 0.282190 0.446860 0.078763 0.061263
0 0.234144 0.510834 0.036333 0.055474
0 0.449796 0.474905 0.056838 0.071307
0 0.400787 0.464967 0.040467 0.062129
0 0.248938 0.598522 0.037468 0.047969
0 0.560854 0.755909 0.135932 0.081091
0 0.696070 0.308682 0.084645 0.081859
0 0.499167 0.356416 0.137810 0.109258
0 0.470875 0.360833 0.076224 0.098297
0 0.478408 0.477496 0.118600 0.079676
0 0.161525 0.558419 0.039364 0.044569
0 0.313357 0.632060 0.032284 0.053001
0 0.442552 0.695600 0.103542 0.070097
0 0.763724 0.824740 0.106156 0.082980
0 0.514799 0.477353 0.067008 0.076829
0 0.285295 0.369970 0.051589 0.052825
0 0.322318 0.523423 0.113325 0.061653
0 0.503662 0.480461 0.068480 0.072291
0 0.343334 0.454574 0.039580 0.066504
0 0.968451 0.305041 0.063098 0.111011
0 0.283200 0.617697 0.024554 0.044424
0 0.417765 0.769985 0.059504 0.068154
0 0.224540 0.358694 0.041786 0.065825
0 0.368940 0.737939 0.046053 0.051505
0 0.905377 0.307477 0.062619 0.104535
0 0.165113 0.441235 0.022906 0.068629
0 0.325264 0.524137 0.068446 0.064322
0 0.666417 0.386199 0.046567 0.072743
0 0.903273 0.279605 0.062586 0.043957
0 0.478305 0.799188 0.051255 0.056933
0 0.133877 0.437756 0.033326 0.063809
0 0.184291 0.512052 0.052075 0.057646
0 0.238391 0.357811 0.042287 0.069199
0 0.735975 0.963844 0.145732 0.072285
0 0.342543 0.526280 0.075089 0.060227
0 0.325976 0.711106 0.040210 0.060829
0 0.567959 0.852301 0.120536 0.098095
0 0.280676 0.379701 0.049316 0.032339
0 0.279405 0.681626 0.035029 0.046503
0 0.942030 0.980227 0.107526 0.039349
0 0.856198 0.310464 0.111363 0.100380
0 0.352009 0.454257 0.046127 0.067737
0 0.199122 0.513832 0.026850 0.055790
0 0.187718 0.442052 0.044423 0.071222
