0 0.555391 0.810035 0.105943 0.090633
0 0.716167 0.923452 0.109903 0.088168
0 0.867841 0.809601 0.099703 0.088086
0 0.605735 0.922154 0.099149 0.094791
0 0.828459 0.922012 0.101909 0.086398
0 0.756233 0.809259 0.100848 0.087289
0 0.425493 0.816786 0.129727 0.095392
0 0.400009 0.921294 0.094791 0.086396
0 0.493907 0.547104 0.076386 0.120009
0 0.878231 0.557039 0.095066 0.128925
0 0.654785 0.802925 0.080634 0.072377
0 0.781602 0.556290 0.083670 0.132408
0 0.580802 0.545918 0.080977 0.118212
0 0.404563 0.400573 0.110256 0.121367
0 0.523530 0.400394 0.111420 0.124694
0 0.393353 0.558227 0.110403 0.150812
0 0.938657 0.691041 0.113090 0.086225
0 0.682369 0.556346 0.100437 0.141702
0 0.501988 0.920750 0.097796 0.087540
0 0.664676 0.677975 0.089416 0.058976
0 0.644542 0.397725 0.118922 0.133947
0 0.564170 0.677657 0.091701 0.060259
0 0.458383 0.677522 0.102166 0.059653
0 0.061704 0.575683 0.055379 0.111751
0 0.899894 0.440881 0.125282 0.053831
0 0.967290 0.803674 0.065320 0.075971
0 0.123457 0.575598 0.056530 0.111423
0 0.767890 0.439431 0.129477 0.054752
0 0.968142 0.561426 0.063716 0.137705
0 0.212260 0.576563 0.103643 0.114006
0 0.923079 0.918023 0.079184 0.089497
0 0.227032 0.915639 0.079383 0.061058
0 0.834222 0.388763 0.251206 0.156674
0 0.129332 0.909833 0.088335 0.070854
0 0.081408 0.322012 0.080841 0.117601
0 0.758996 0.689316 0.081568 0.082671
0 0.230907 0.340260 0.066692 0.093235
0 0.023099 0.899589 0.044695 0.091728
0 0.226271 0.900756 0.087017 0.089164
0 0.758732 0.666188 0.081262 0.036257
0 0.156076 0.326138 0.065966 0.116117
0 0.766734 0.362364 0.113767 0.081171
0 0.898563 0.386969 0.124343 0.158095
0 0.015860 0.574861 0.031464 0.113233
0 0.136288 0.712491 0.057832 0.076172
0 0.067684 0.710190 0.045583 0.082478
0 0.185897 0.710267 0.036859 0.073937
0 0.139756 0.914583 0.064793 0.059806
0 0.757926 0.676206 0.083491 0.056194
0 0.057523 0.782751 0.065568 0.061139
0 0.145214 0.712973 0.045715 0.074632
0 0.031758 0.898400 0.058824 0.092814
0 0.833287 0.362346 0.234001 0.104223
0 0.174629 0.578694 0.041462 0.101264
