0 0.295339 0.510027 0.077625 0.105077
0 0.216553 0.504292 0.072164 0.108791
0 0.659453 0.650807 0.113991 0.081258
0 0.535941 0.642974 0.106767 0.083634
0 0.079855 0.687434 0.088655 0.070549
0 0.799652 0.665317 0.136451 0.088836
0 0.364025 0.813580 0.086664 0.072936
0 0.370409 0.514605 0.058184 0.111322
0 0.787482 0.550816 0.095616 0.107561
0 0.403738 0.722100 0.103888 0.075571
0 0.036982 0.495075 0.073965 0.104537
0 0.609849 0.749539 0.108211 0.080449
0 0.309873 0.712847 0.073040 0.067874
0 0.170017 0.694971 0.076764 0.066708
0 0.279535 0.801317 0.076125 0.071642
0 0.509391 0.733155 0.082229 0.069940
0 0.241414 0.699785 0.055653 0.060581
0 0.867484 0.774829 0.098625 0.069474
0 0.424213 0.419104 0.091820 0.046147
0 0.442018 0.822059 0.060400 0.078148
0 0.524203 0.536584 0.077715 0.093811
0 0.590692 0.841524 0.080199 0.069782
0 0.444257 0.628676 0.071689 0.069348
0 0.736192 0.761733 0.121472 0.076835
0 0.441085 0.534317 0.074399 0.088034
0 0.525591 0.422907 0.102503 0.044483
0 0.510796 0.825407 0.068263 0.066150
0 0.698003 0.532358 0.070160 0.108080
0 0.634872 0.426931 0.106896 0.045129
0 0.894055 0.546776 0.097174 0.129664
0 0.770180 0.885026 0.101712 0.085445
0 0.242365 0.415016 0.081993 0.042969
0 0.331427 0.417709 0.087430 0.043218
0 0.216721 0.599155 0.059722 0.054002
0 0.673417 0.849468 0.075325 0.065406
0 0.897112 0.416596 0.164001 0.084475
0 0.142176 0.498935 0.062687 0.096858
0 0.751276 0.430535 0.116986 0.046121
0 0.290339 0.603430 0.078905 0.050611
0 0.955214 0.889377 0.087045 0.074294
0 0.962231 0.791668 0.074224 0.081049
0 0.207670 0.790383 0.059545 0.064236
0 0.144523 0.778527 0.057554 0.052170
0 0.158085 0.388952 0.088699 0.087613
0 0.867639 0.878271 0.075096 0.067266
0 0.614041 0.536510 0.091231 0.113802
0 0.080743 0.765864 0.063341 0.059390
0 0.535148 0.351830 0.101631 0.087883
0 0.938939 0.631708 0.107812 0.090291
0 0.145625 0.594762 0.073495 0.052310
0 0.648408 0.352816 0.102476 0.088965
0 0.974228 0.531184 0.051544 0.072953
0 0.744079 0.350192 0.076974 0.097437
0 0.145844 0.608151 0.075096 0.077855
0 0.853882 0.335355 0.131226 0.070369
0 0.614024 0.562041 0.091025 0.064132
0 0.633510 0.351010 0.071210 0.085429
0 0.931737 0.652090 0.102690 0.048815
0 0.093169 0.496443 0.039272 0.094817
0 0.616672 0.501242 0.074630 0.050213
0 0.032032 0.357232 0.063191 0.111010
0 0.360397 0.350191 0.065747 0.053964
0 0.158096 0.398746 0.078120 0.069300
0 0.168851 0.384989 0.117661 0.082034
0 0.043007 0.360914 0.086015 0.118508
0 0.031589 0.381964 0.061030 0.066423
