0 0.861305 0.871610 0.088286 0.105224
0 0.947753 0.825491 0.074301 0.082074
0 0.638714 0.646668 0.187758 0.154962
0 0.929694 0.588275 0.096630 0.163722
0 0.466071 0.645537 0.134703 0.156241
0 0.807600 0.964898 0.063346 0.069026
0 0.966668 0.399866 0.066663 0.149112
0 0.563971 0.649169 0.348111 0.159548
0 0.933532 0.728174 0.057109 0.096531
0 0.871424 0.735427 0.063678 0.101378
0 0.877898 0.946674 0.068169 0.048376
0 0.561133 0.989898 0.099640 0.020205
0 0.355002 0.951403 0.087688 0.097112
0 0.478621 0.826940 0.126408 0.157009
