0 0.579985 0.884505 0.101971 0.087379
0 0.919493 0.683605 0.126911 0.094428
0 0.629172 0.543816 0.085648 0.120088
0 0.310830 0.771419 0.125008 0.086591
0 0.826929 0.561518 0.098765 0.104828
0 0.687196 0.890749 0.102156 0.083722
0 0.730053 0.783426 0.107310 0.086941
0 0.431425 0.771030 0.098673 0.084041
0 0.619476 0.778701 0.095902 0.082483
0 0.378116 0.530487 0.081815 0.109551
0 0.536971 0.541135 0.084472 0.125166
0 0.599902 0.432759 0.115429 0.049352
0 0.724437 0.544263 0.087093 0.118645
0 0.525948 0.769870 0.078516 0.069804
0 0.934547 0.563769 0.102248 0.103941
0 0.851450 0.784107 0.103587 0.078185
0 0.480134 0.876749 0.088855 0.087017
0 0.272170 0.534159 0.110288 0.128057
0 0.943253 0.897789 0.097510 0.083346
0 0.798490 0.672198 0.106423 0.080571
0 0.458104 0.650436 0.080529 0.059900
0 0.294711 0.865896 0.087917 0.076765
0 0.387561 0.870429 0.087141 0.081763
0 0.721591 0.433561 0.119371 0.051811
0 0.554017 0.652389 0.095494 0.059178
0 0.457155 0.532066 0.061748 0.107480
0 0.954574 0.794999 0.088890 0.085058
0 0.361436 0.646752 0.098267 0.059923
0 0.484166 0.402334 0.105841 0.105372
0 0.383069 0.399376 0.085003 0.104923
0 0.279405 0.399564 0.094415 0.101113
0 0.779658 0.893925 0.076683 0.089627
0 0.128781 0.552222 0.087787 0.093055
0 0.854673 0.892614 0.065640 0.082232
0 0.056510 0.550955 0.047412 0.089552
0 0.062197 0.851296 0.077056 0.056120
0 0.843401 0.434920 0.115265 0.053542
0 0.652990 0.648724 0.076158 0.042836
0 0.144194 0.854872 0.074187 0.055371
0 0.951963 0.438976 0.093864 0.050687
0 0.050307 0.330143 0.075640 0.102978
0 0.014685 0.546263 0.029371 0.092936
0 0.802991 0.358931 0.111186 0.092517
0 0.902031 0.360311 0.079343 0.085543
0 0.146385 0.662094 0.052325 0.075575
0 0.062360 0.860373 0.076021 0.038026
0 0.892574 0.434638 0.214853 0.055637
0 0.667399 0.364109 0.131207 0.070627
0 0.061359 0.664994 0.048114 0.077373
0 0.102564 0.663739 0.035017 0.075986
0 0.664290 0.354468 0.127059 0.051950
0 0.127499 0.334353 0.074615 0.099022
0 0.849304 0.357709 0.195039 0.092508
0 0.499169 0.394833 0.131813 0.118192
0 0.712948 0.391424 0.113427 0.024286
0 0.653525 0.668253 0.078750 0.082127
