0 0.761687 0.850657 0.104293 0.103975
0 0.955514 0.555958 0.088972 0.135340
0 0.964961 0.895048 0.067928 0.077818
0 0.793685 0.572196 0.093096 0.165278
0 0.713538 0.960199 0.077834 0.078499
0 0.799501 0.943494 0.081229 0.068451
0 0.884705 0.705672 0.064727 0.098662
0 0.875480 0.549803 0.058511 0.117224
0 0.862743 0.821460 0.083238 0.087254
0 0.823208 0.400088 0.095131 0.131714
0 0.884987 0.918847 0.077250 0.078140
0 0.932813 0.402680 0.098239 0.126046
0 0.807833 0.716242 0.075396 0.104235
0 0.975752 0.793260 0.048496 0.073670
0 0.479166 0.626319 0.081694 0.135951
0 0.352774 0.772327 0.079798 0.126595
0 0.224282 0.915387 0.110601 0.155992
0 0.924155 0.800804 0.043768 0.070875
0 0.810309 0.691052 0.074148 0.052311
0 0.546334 0.623468 0.047480 0.122446
0 0.453770 0.622767 0.176971 0.150433
0 0.438818 0.623483 0.320362 0.151729
0 0.741266 0.705636 0.050805 0.080928
0 0.396383 0.629066 0.068440 0.140188
0 0.567481 0.779554 0.054524 0.096368
0 0.318502 0.909960 0.290728 0.167781
0 0.318919 0.630081 0.074938 0.133073
0 0.245628 0.908762 0.065278 0.120822
0 0.508545 0.789595 0.056149 0.096994
0 0.534420 0.981070 0.094057 0.037645
0 0.309440 0.900319 0.051512 0.104724
0 0.418583 0.986022 0.112834 0.027898
0 0.740554 0.720427 0.053038 0.112140
0 0.536058 0.992523 0.085780 0.014945
0 0.530531 0.971847 0.103225 0.054731
0 0.858924 0.832270 0.076651 0.066384
