0 0.657986 0.648634 0.121018 0.085770
0 0.531758 0.634879 0.101530 0.078984
0 0.275895 0.789996 0.076943 0.070563
0 0.131315 0.499105 0.061791 0.099402
0 0.406415 0.712297 0.071196 0.068545
0 0.634827 0.539292 0.082819 0.099612
0 0.200380 0.503359 0.070763 0.098084
0 0.909228 0.627564 0.111161 0.090935
0 0.494204 0.727878 0.095200 0.076759
0 0.310731 0.702969 0.099071 0.071088
0 0.403380 0.527407 0.068604 0.088408
0 0.418581 0.627411 0.096090 0.078198
0 0.637875 0.855790 0.090825 0.082786
0 0.483683 0.531744 0.082630 0.097394
0 0.608715 0.739048 0.109555 0.073381
0 0.347196 0.796839 0.055525 0.075040
0 0.717282 0.413816 0.144405 0.079187
0 0.223418 0.692443 0.063727 0.066461
0 0.730606 0.754133 0.085001 0.066553
0 0.330926 0.526428 0.065621 0.081093
0 0.268932 0.508794 0.049370 0.100909
0 0.409917 0.801255 0.061669 0.065054
0 0.199959 0.778814 0.064931 0.065121
0 0.793242 0.616893 0.102149 0.086790
0 0.839643 0.398629 0.082971 0.094110
0 0.100604 0.678737 0.067150 0.058293
0 0.560188 0.526231 0.059870 0.099342
0 0.725519 0.537778 0.086734 0.119355
0 0.337073 0.614130 0.063653 0.069447
0 0.835839 0.520393 0.104423 0.077999
0 0.482393 0.816860 0.072508 0.068012
0 0.164485 0.680491 0.047373 0.057845
0 0.729966 0.851731 0.075808 0.069632
0 0.818227 0.866392 0.086089 0.072817
0 0.915149 0.889080 0.090710 0.082797
0 0.837207 0.772568 0.107085 0.078310
0 0.942958 0.390961 0.110077 0.108293
0 0.138333 0.769605 0.050573 0.051261
0 0.949899 0.527301 0.100201 0.095267
0 0.945857 0.788116 0.096706 0.080396
0 0.391742 0.420935 0.090931 0.043493
0 0.084185 0.755664 0.050889 0.046927
0 0.304498 0.418725 0.077844 0.042660
0 0.587166 0.426815 0.104094 0.045694
0 0.555606 0.829161 0.065176 0.075898
0 0.086707 0.595519 0.068077 0.076573
0 0.145358 0.415581 0.070403 0.038432
0 0.486692 0.423958 0.088875 0.041844
0 0.028244 0.744818 0.052623 0.045863
0 0.218397 0.606794 0.063970 0.078072
0 0.223827 0.416443 0.076643 0.041337
0 0.072707 0.494611 0.047820 0.090557
0 0.030622 0.670032 0.060330 0.065466
0 0.443867 0.351989 0.092386 0.077013
0 0.154367 0.600129 0.059018 0.077313
0 0.150893 0.586115 0.054745 0.050423
0 0.030322 0.679247 0.059319 0.046375
0 0.546204 0.349269 0.092528 0.068111
0 0.077052 0.412126 0.061583 0.041540
0 0.086548 0.580633 0.065646 0.047723
0 0.156525 0.625951 0.056954 0.026414
0 0.877598 0.316534 0.100354 0.045475
0 0.214965 0.590807 0.066475 0.047982
0 0.028473 0.753973 0.052595 0.040096
0 0.539693 0.424881 0.195965 0.047750
0 0.735989 0.336970 0.103695 0.065882
0 0.641789 0.341445 0.080190 0.065269
0 0.077385 0.391851 0.079187 0.080361
0 0.984787 0.631481 0.030055 0.093402
0 0.075163 0.399382 0.066297 0.066259
0 0.128003 0.414265 0.109709 0.041401
0 0.026996 0.492296 0.036764 0.086877
0 0.101637 0.688455 0.065613 0.040925
