0 0.548384 0.842015 0.133083 0.098848
0 0.677875 0.826655 0.105162 0.091833
0 0.723835 0.936001 0.100411 0.096219
0 0.619550 0.943004 0.098840 0.092731
0 0.869391 0.814528 0.097194 0.086426
0 0.835495 0.929736 0.108312 0.090758
0 0.514466 0.950754 0.099690 0.088110
0 0.943323 0.920569 0.097196 0.088742
0 0.699096 0.552090 0.086353 0.123912
0 0.792116 0.395238 0.106151 0.144993
0 0.536365 0.569359 0.106282 0.162348
0 0.773229 0.813387 0.075341 0.073382
0 0.964281 0.808174 0.070475 0.083284
0 0.620336 0.554596 0.059704 0.123300
0 0.913984 0.559053 0.074306 0.133707
0 0.217249 0.949858 0.098115 0.096332
0 0.326625 0.945761 0.099249 0.093369
0 0.561775 0.693443 0.103005 0.060360
0 0.667044 0.690269 0.091266 0.059316
0 0.549874 0.400038 0.122071 0.131636
0 0.763477 0.685809 0.077958 0.058406
0 0.675312 0.402585 0.113827 0.125067
0 0.223350 0.595481 0.060915 0.120763
0 0.819171 0.560902 0.104791 0.142351
0 0.156371 0.595429 0.062552 0.120570
0 0.976443 0.557077 0.047113 0.127766
0 0.061628 0.952135 0.118000 0.095730
0 0.928517 0.390329 0.140415 0.156186
0 0.337248 0.597711 0.073256 0.114914
0 0.917285 0.435152 0.134158 0.067680
0 0.261334 0.335684 0.045138 0.091248
0 0.317836 0.595511 0.107962 0.115433
0 0.208660 0.332493 0.056256 0.095914
0 0.762346 0.705676 0.080178 0.101388
0 0.843818 0.667795 0.073493 0.033713
0 0.280554 0.595715 0.043462 0.110213
0 0.093577 0.593308 0.054864 0.116983
0 0.951296 0.352845 0.097408 0.080743
0 0.053768 0.281920 0.090038 0.179857
0 0.852626 0.558732 0.193740 0.142446
0 0.553313 0.440022 0.122819 0.053184
0 0.137637 0.312594 0.074862 0.129336
0 0.054549 0.831607 0.088859 0.101044
0 0.057263 0.976280 0.108324 0.047441
0 0.670457 0.384340 0.114165 0.108332
0 0.128903 0.832764 0.052564 0.080513
0 0.292926 0.745507 0.043616 0.070852
0 0.159477 0.749840 0.043741 0.072202
0 0.244995 0.747506 0.041837 0.071341
0 0.546711 0.385741 0.108051 0.094345
