0 0.541725 0.513424 0.101344 0.075670
0 0.427788 0.602822 0.092510 0.085144
0 0.324042 0.607203 0.099559 0.086855
0 0.345428 0.735758 0.115908 0.076694
0 0.337834 0.505847 0.097750 0.085765
0 0.461222 0.723498 0.103686 0.077491
0 0.700561 0.601404 0.090563 0.083883
0 0.606986 0.599159 0.085962 0.081329
0 0.519197 0.608592 0.081341 0.089845
0 0.441627 0.505834 0.089305 0.081310
0 0.213602 0.609165 0.107971 0.094733
0 0.641825 0.513703 0.088857 0.070939
0 0.678602 0.723743 0.104024 0.062300
0 0.797733 0.598966 0.088435 0.075579
0 0.822829 0.513454 0.089135 0.079378
0 0.224271 0.506254 0.106352 0.087746
0 0.357419 0.828638 0.103899 0.077308
0 0.730288 0.514172 0.079433 0.065323
0 0.566255 0.817764 0.088560 0.064254
0 0.226739 0.733262 0.107711 0.099382
0 0.569870 0.729642 0.101829 0.050415
0 0.468730 0.818331 0.097734 0.065974
0 0.703628 0.302701 0.138834 0.117951
0 0.241241 0.838030 0.109458 0.066634
0 0.554273 0.293592 0.146429 0.125625
0 0.572194 0.681805 0.104754 0.038769
0 0.777478 0.714058 0.082777 0.057822
0 0.842171 0.308248 0.125169 0.118398
0 0.414895 0.284908 0.131292 0.129812
0 0.778726 0.804321 0.058398 0.019363
0 0.776086 0.824270 0.058796 0.018140
0 0.786946 0.781579 0.066435 0.021592
0 0.641451 0.811356 0.053276 0.061302
0 0.265942 0.273645 0.169673 0.139474
0 0.707086 0.825945 0.060480 0.023103
0 0.661607 0.668582 0.067899 0.029805
0 0.788290 0.774962 0.069158 0.034364
0 0.707722 0.799698 0.064061 0.076278
0 0.708328 0.770787 0.073507 0.024662
0 0.643879 0.828554 0.054152 0.027491
0 0.708537 0.816186 0.062283 0.047532
0 0.571218 0.708484 0.106099 0.090740
0 0.789052 0.777825 0.068549 0.023881
0 0.643388 0.820086 0.052445 0.046539
0 0.707463 0.821189 0.061669 0.032384
0 0.708084 0.793300 0.065615 0.040110
0 0.709494 0.778673 0.070027 0.032905
0 0.674310 0.440072 0.091982 0.019405
0 0.708964 0.788530 0.063826 0.060625
