0 0.914266 0.650179 0.168245 0.149713
0 0.313852 0.533253 0.071395 0.079123
0 0.326146 0.275625 0.113259 0.142900
0 0.197889 0.609480 0.085722 0.090880
0 0.765649 0.597356 0.134830 0.117176
0 0.279279 0.634810 0.061746 0.077983
0 0.614834 0.578434 0.134279 0.104462
0 0.202158 0.277454 0.125467 0.139045
0 0.395913 0.546277 0.057722 0.082987
0 0.365117 0.648386 0.067406 0.088574
0 0.481802 0.565206 0.104425 0.099729
0 0.574520 0.696809 0.100542 0.105120
0 0.449417 0.674253 0.092263 0.092804
0 0.693592 0.733311 0.153995 0.128277
0 0.139963 0.495104 0.058652 0.035328
0 0.046719 0.395449 0.047231 0.035934
0 0.335847 0.792940 0.088939 0.111250
0 0.238063 0.765170 0.082431 0.097212
0 0.113491 0.549251 0.050077 0.036041
0 0.072324 0.498400 0.067095 0.035047
0 0.097761 0.396507 0.051081 0.034365
0 0.879061 0.791606 0.189620 0.119350
0 0.065533 0.556162 0.039840 0.039127
0 0.757777 0.959406 0.221993 0.080035
0 0.467924 0.277937 0.159084 0.136339
0 0.170053 0.542441 0.058737 0.034267
0 0.143773 0.400532 0.035840 0.027039
0 0.330123 0.909846 0.081781 0.090281
0 0.422566 0.955689 0.080116 0.085458
0 0.551629 0.912114 0.148299 0.115004
0 0.475728 0.787892 0.129847 0.060555
0 0.426471 0.848534 0.095880 0.067062
0 0.175190 0.400882 0.026522 0.026618
0 0.889817 0.229353 0.215069 0.229420
0 0.632268 0.827009 0.134722 0.087746
0 0.257343 0.520757 0.039420 0.071085
0 0.670930 0.262454 0.204275 0.165944
0 0.217872 0.516908 0.035690 0.075925
0 0.911556 0.493582 0.166629 0.057520
0 0.418528 0.290800 0.060622 0.108930
0 0.238246 0.863511 0.084289 0.081163
0 0.848369 0.812083 0.254283 0.158283
0 0.553715 0.913861 0.142532 0.079393
0 0.149242 0.737269 0.076931 0.078498
0 0.772310 0.927886 0.242685 0.144229
0 0.225858 0.400084 0.030359 0.026794
0 0.197694 0.401205 0.028281 0.025804
0 0.543745 0.985655 0.130897 0.028690
0 0.480683 0.291724 0.067575 0.106952
0 0.889671 0.274426 0.214444 0.137585
0 0.554264 0.894662 0.138630 0.117555
0 0.207753 0.515375 0.052434 0.078981
0 0.348663 0.923373 0.114551 0.117709
0 0.545899 0.897532 0.144964 0.079646
0 0.274887 0.405119 0.063708 0.015080
