0 0.442577 0.636271 0.096394 0.095530
0 0.589619 0.541983 0.128106 0.101576
0 0.315830 0.775031 0.119160 0.093070
0 0.330874 0.629869 0.094113 0.090590
0 0.219992 0.617120 0.108152 0.096496
0 0.551747 0.655194 0.108681 0.099559
0 0.446743 0.783036 0.118039 0.100328
0 0.677033 0.658431 0.118055 0.105506
0 0.730291 0.544452 0.133614 0.109169
0 0.356637 0.519074 0.106341 0.092622
0 0.321723 0.878865 0.115291 0.078333
0 0.445356 0.896592 0.115838 0.086484
0 0.472045 0.531640 0.092675 0.091387
0 0.195350 0.757692 0.108813 0.081473
0 0.870473 0.552578 0.132437 0.105715
0 0.942658 0.700920 0.113322 0.102191
0 0.207168 0.862132 0.102020 0.069628
0 0.723754 0.850814 0.156349 0.074739
0 0.842767 0.252957 0.244605 0.174394
0 0.806792 0.682435 0.141009 0.115699
0 0.566827 0.926964 0.106189 0.088781
0 0.430716 0.252512 0.142699 0.156385
0 0.576183 0.821900 0.131782 0.065469
0 0.234276 0.512256 0.076363 0.089328
0 0.763950 0.954436 0.096926 0.087907
0 0.892945 0.863600 0.164366 0.073267
0 0.604093 0.251811 0.205271 0.162846
0 0.668882 0.945315 0.077125 0.082306
0 0.597272 0.761849 0.141348 0.046659
0 0.260253 0.248583 0.175022 0.155304
0 0.970015 0.570379 0.059505 0.127904
0 0.579717 0.794331 0.133834 0.117422
0 0.022828 0.540166 0.045054 0.038296
0 0.081671 0.528497 0.067887 0.039039
0 0.886109 0.964219 0.107705 0.070930
0 0.894164 0.853186 0.178454 0.127917
0 0.735262 0.765522 0.119818 0.057846
0 0.891157 0.808895 0.164551 0.031769
0 0.021232 0.484497 0.039339 0.034817
0 0.557474 0.274843 0.091648 0.118590
0 0.889920 0.791517 0.166022 0.065903
