0 0.689327 0.675311 0.300262 0.180869
0 0.639535 0.681486 0.206738 0.167295
0 0.390898 0.262600 0.106363 0.173194
0 0.336326 0.577899 0.067191 0.078590
0 0.301045 0.272674 0.080068 0.164113
0 0.616889 0.862932 0.156748 0.129662
0 0.224037 0.296566 0.065658 0.129371
0 0.535581 0.215167 0.159709 0.252772
0 0.287392 0.270157 0.100939 0.173299
0 0.398256 0.223849 0.111771 0.250581
0 0.448755 0.753774 0.123544 0.160526
0 0.189408 0.597340 0.067092 0.079737
0 0.414427 0.601865 0.069442 0.081866
0 0.623549 0.871834 0.182058 0.162103
0 0.243111 0.263813 0.194777 0.190591
0 0.565918 0.893291 0.311130 0.210976
0 0.932065 0.840661 0.097834 0.152935
0 0.454562 0.764292 0.099254 0.128489
