0 0.844489 0.674488 0.232252 0.160928
0 0.554070 0.259229 0.163352 0.180177
0 0.399172 0.276925 0.134916 0.155805
0 0.536125 0.591777 0.110113 0.104297
0 0.790376 0.838956 0.187002 0.128384
0 0.283735 0.290097 0.087931 0.135012
0 0.424916 0.573788 0.086107 0.099873
0 0.605430 0.759489 0.153243 0.119456
0 0.663451 0.622819 0.118083 0.119227
0 0.300214 0.536813 0.056837 0.075771
0 0.598660 0.783518 0.152066 0.179340
0 0.203342 0.614805 0.073981 0.065057
0 0.505559 0.707787 0.077326 0.104411
0 0.408731 0.567296 0.117266 0.110285
0 0.675354 0.626824 0.085812 0.114691
0 0.294017 0.779051 0.082355 0.087346
0 0.213171 0.753707 0.066909 0.091757
0 0.702723 0.951524 0.294810 0.096512
0 0.142528 0.407320 0.046677 0.033954
0 0.033144 0.504796 0.021866 0.047916
0 0.760520 0.236720 0.230508 0.215607
0 0.810269 0.174597 0.333115 0.349194
0 0.698307 0.247433 0.110276 0.194449
0 0.011937 0.505647 0.020406 0.050795
0 0.333655 0.652068 0.050709 0.072286
0 0.152070 0.556449 0.038718 0.038585
0 0.265210 0.631286 0.046611 0.074166
0 0.041549 0.452788 0.028325 0.042107
0 0.707367 0.932057 0.295977 0.135661
0 0.368251 0.660016 0.120382 0.086954
0 0.360656 0.549048 0.035281 0.076785
0 0.638591 0.967692 0.170979 0.064615
0 0.280420 0.533389 0.090932 0.082400
0 0.287423 0.789205 0.072509 0.090497
0 0.455410 0.922349 0.133720 0.143289
0 0.194228 0.555574 0.043592 0.045731
0 0.394275 0.679331 0.072016 0.077692
0 0.412078 0.794905 0.109991 0.058251
0 0.190037 0.407617 0.047142 0.033622
