0 0.431402 0.605236 0.087504 0.081877
0 0.357771 0.733552 0.109478 0.073468
0 0.334026 0.610976 0.092502 0.084082
0 0.347199 0.513916 0.093432 0.080695
0 0.465239 0.719967 0.094923 0.075158
0 0.517349 0.609922 0.074237 0.082442
0 0.537713 0.520267 0.094008 0.069622
0 0.444204 0.512878 0.082858 0.077518
0 0.242595 0.733970 0.104481 0.092117
0 0.680273 0.603185 0.080459 0.073050
0 0.628930 0.520891 0.079845 0.063670
0 0.596680 0.602844 0.074354 0.070806
0 0.241573 0.514139 0.099213 0.085478
0 0.469764 0.813112 0.092485 0.068625
0 0.666256 0.712337 0.094019 0.064198
0 0.767044 0.598742 0.077405 0.068005
0 0.228134 0.612509 0.102510 0.096252
0 0.707995 0.520200 0.069489 0.058555
0 0.561755 0.808509 0.081784 0.063708
0 0.789949 0.521322 0.080282 0.067246
0 0.365816 0.822897 0.097915 0.072481
0 0.253868 0.834344 0.105178 0.065316
0 0.565385 0.722566 0.094531 0.050731
0 0.565772 0.678403 0.096717 0.034520
0 0.752720 0.703491 0.070118 0.058734
0 0.686030 0.332414 0.130679 0.104494
0 0.755996 0.808043 0.055335 0.019664
0 0.807491 0.336509 0.105609 0.104392
0 0.631561 0.800756 0.051017 0.058727
0 0.432357 0.310831 0.113030 0.120749
0 0.759255 0.787500 0.056809 0.019281
0 0.760370 0.765570 0.056113 0.022020
0 0.554842 0.322459 0.126242 0.109346
0 0.761115 0.760682 0.058013 0.030136
0 0.693809 0.786623 0.060979 0.073125
0 0.693063 0.763493 0.063494 0.029753
0 0.691524 0.811876 0.055805 0.023581
0 0.646262 0.663278 0.060759 0.025278
0 0.566074 0.704384 0.097621 0.087194
0 0.691654 0.797797 0.058397 0.049689
0 0.690729 0.806535 0.057163 0.032675
0 0.529033 0.448083 0.114567 0.019740
0 0.692521 0.779358 0.060458 0.043721
